4.390047422097297,7.81443829097447
3.9801360580394363,8.472498774747283
3.966698581034243,8.37898557755401
3.7802469453651177,8.454964526608235
3.9950881021476357,8.960368079240494
4.086904324846627,8.371767138956859
3.6218143068904625,8.372663466967403
3.9585953936041287,8.091486177283684
3.9335682834167893,8.618757417492796
4.030637231877847,8.191763703605847
4.29949011605049,8.757458261695847
4.033328422356349,8.513556088580808
3.7706086486856796,8.684531235230397
3.9111727275076356,8.36084800494173
3.9664571361829046,8.092044476458137
3.6952128330128065,8.620405499348307
4.180885419028479,8.435654663982268
3.8191788930479817,8.545304866262894
3.888525661778014,7.521773502497865
4.02993345140526,8.534992471646543
4.364607547917386,8.449122756872708
3.8254265122457083,8.51729225866796
3.938418714049108,7.86177638186825
4.15665686755709,8.286342094781658
4.136311044559796,8.390440551004696
3.800929070209164,8.368441089454203
4.099190358971312,8.25046250046766
3.8605242260770916,8.309337298992217
3.8442394246341243,8.24826835451252
4.077709260957911,8.83902038734973
3.8540209870703523,8.194537646195766
4.139602844804936,8.502912151868133
4.185373759767035,8.603250112526133
3.846463835628289,8.498651020797597
3.820748871748022,8.595860279662045
4.073623231946055,7.877000896742816
3.9164653878344553,8.016667702718948
4.196586286553094,8.146362604555542
4.0375945667766695,8.66526829428115
4.235224188475688,8.198305793666579
3.864212921196406,8.167999312535876
3.9499114856745225,8.39391653371898
4.185808325339048,8.404881962343545
3.9054225967328127,7.677345457135435
3.703736203716076,8.022163544890162
4.047149090725462,8.492689843559587
3.997039798798141,8.027246868726433
3.609371615265067,8.610301698347845
4.194377216350347,7.935775323410175
3.961051768481347,8.499639037882027
4.004714528874236,9.064596146964988
3.8508672689619323,8.62437203923399
3.921010645593196,8.496529327291851
3.7826253534604084,8.330749160771017
3.8804555655810775,8.1822231396438
4.056351358782161,8.063250554142732
3.90588045582126,7.852163606477958
3.8798616256584246,7.800454058265372
4.079433430408009,7.9715598670856895
3.9998255742511373,8.102224132266164
4.017009003429221,8.356934809937135
3.896518312824928,8.443177067201034
4.1322000176659515,7.900912599622809
3.99142120082135,8.017569733694518
4.123277479899795,8.408832308501236
3.905198579105466,8.565911886663944
3.9283241142638214,8.670864944445634
3.89860405229679,8.581289127313493
3.769522174186151,7.915492555426035
3.765325910651207,8.19930234921373
3.970783121987829,8.291530947397389
4.103984146230626,8.3629041584049
3.7600353222576075,8.31565432412468
3.7266473147171193,8.114696117216438
3.82783602267678,8.01738547319982
4.028351734866647,8.24747046719658
3.662943707466038,8.383576044681549
3.7610924380317066,8.240989339052197
4.096410135385449,8.139139773787614
4.127320691232801,8.071464107520784
4.302465975029442,8.45173730134977
3.756715061534592,8.474077175122959
3.740330727476205,8.266174958363719
3.973587708254709,7.9565959703313665
3.812655113521215,8.357933343936416
3.911493078053538,8.271719367630945
4.023104812342271,8.74549703243712
3.9086958772433387,8.587349686099412
4.103423975269805,8.002556527895843
3.7478947034298424,8.009970044965339
4.064018810855107,8.608331541244876
4.191765929195089,7.7556955216008125
3.8033333141729746,8.5153845434536
3.781832278949912,7.766656344249048
4.015856481089678,8.293074930523616
4.01991321250187,8.611202474239745
3.9485625512804763,8.429904140963238
4.243413073224169,7.995321012466524
3.932618764329681,8.634440998126008
3.688815683036247,8.286912723388022
3.696414211895953,8.290526221087282
4.156039637495019,8.213153294242602
3.965176324586279,8.716132575710589
4.125516588356879,8.492566422460095
3.5919673726772205,8.204735400325246
3.9457850005336543,8.24245197798586
3.9922217550117733,8.329883089889528
3.9860912615316484,8.549567354961944
3.94376011456808,8.600911539015
3.6401320898069938,7.696090870273626
3.9766539217176953,8.514767873850364
3.9615003980415793,8.54613932025365
4.269292857829758,8.238443425387532
4.033258381356556,8.140851145835335
3.6614863471461625,8.923491538217744
3.854455187998943,8.170216900423048
3.954317762099451,8.257180177190627
3.9101887957706807,8.491501724840836
3.732713342659592,8.42138224077691
3.9535277847862758,8.50857680922014
4.134843169976272,8.419569572470166
3.7031599168120675,8.343118017541805
3.8445978629921465,8.146674449556684
3.8919027422738575,8.750829428929867
3.689340240108511,8.892384978490087
3.9379597454279116,8.118280884731108
3.722008109453293,8.631242025755888
3.7623370953936135,7.999067526954993
4.106755508539243,8.131180629291762
3.921239132246973,7.948950813294326
3.917683279594123,8.58184253280556
3.819454506918569,8.843112754253184
4.044354069725706,8.8022758411744
3.928292242161115,8.04280533670697
3.807909392968656,8.450044228570434
3.6889238854676014,8.131578185141791
3.9143252147289407,7.845276671937881
3.9354354845372352,8.620115000100153
4.013403839591404,8.714375698937157
3.8483498182199853,7.991378064177316
4.575177512062188,7.836869506148491
4.145782270547164,8.46618488258167
3.9306899406728224,8.251372019511741
3.973480659489058,8.462052357152087
3.9229725779647984,7.932950167874793
4.029751721407185,8.951054017721566
4.10899564102541,8.386260598654985
3.9915414044687183,8.48608529326121
4.078955369066192,8.089749897339905
3.9623155121980003,8.485993107206747
3.830769110423136,8.937478325061454
3.8250863138056914,8.096332991916187
3.993654353398698,8.440286808031383
3.8190792608563817,8.492811833636704
3.9002874056016745,8.009036156378702
3.956934695928228,8.31179998382243
3.967559716049919,8.02702457324344
4.006737994219122,8.392151921641362
4.14237545023321,8.776804969333856
3.9340094835939228,7.918104466243977
4.015119961734318,8.412425428679235
3.7489410727979546,8.355099897306312
3.779513126448629,8.670542376302619
4.156390524124208,8.55813552588666
4.2050831025702955,8.600656172603957
3.58790723550741,8.454012928271858
4.0266267907775735,8.214593714311192
3.9661708425999547,8.084780515249552
3.9183955400352053,8.51457476162464
4.140929683871069,7.800643612309726
3.8427614875256637,7.798302586619083
4.007726749180106,8.812273599041843
4.070987277304978,8.1323495827742
3.8642010550235524,7.882769066124366
3.9885476041378114,8.038015109617598
4.069558538155713,8.433710055466946
3.99340021981627,8.508035910030722
3.79067725532267,8.397948605863057
3.8614457364150074,8.776272092805854
4.115531472597698,8.65199901294914
4.089704558738813,8.279498479880674
4.03498507132885,8.266173672350655
3.6409341532867874,8.739522887363103
3.7708370295826046,8.00800832111108
4.016209083918697,8.457059364678612
3.995939599631888,8.458818393282497
3.9125457918617634,8.825990028729017
4.096026355948267,8.317961999547899
3.950356951462013,8.160621547430113
3.8921838061844927,8.458987931326424
4.021483122054951,8.119084949853587
4.059321643283768,8.074105720213662
4.105626616873748,8.484658044502398
3.7912278361817324,8.008043733515436
3.8005935838870593,8.392220983765586
3.696544527270856,7.879420443092261
3.765793129123144,8.482024070442701
3.706288575210964,8.308690005337885
3.6292783827866617,7.927049558678119
4.132772640224031,8.274976759734205
3.8354276002039716,8.65164708784364
3.759240552308503,8.750713881163918
4.057539952302748,8.348977852781488
3.904544487766703,8.282350612611188
3.681365510885779,8.30121573092641
3.911787398318494,8.071260521411897
3.9045113613263354,7.797403128515615
4.0705514735782895,8.428046483802792
3.7821056694398116,8.474761149820873
3.930620922174989,8.41369775333556
3.7442404097397173,8.447219336312989
3.8236278210653185,8.359844539461012
4.028773655597774,8.438400339858672
4.07544762239434,8.06302446966106
3.784909623968227,8.040392106224555
3.8001968887889506,8.159965908524178
3.547481272457072,8.528272961346062
4.282416503591939,8.6742089958553
3.9208533754749517,8.381589757401835
3.9840288538874677,8.59043753135407
3.922453547572573,8.255620512264683
3.829499402392732,8.2514574057553
3.969237900842671,8.178246039615539
4.226752175972933,8.044444963174186
3.811317175548833,8.507458325521483
4.032020591923219,8.365770638635029
3.9475260859635513,8.34995939254911
4.106210632989399,7.871029663768508
4.023332807337515,8.61957255924458
4.095813745263038,7.786831170732809
3.9231272494615506,8.409186774685093
3.9383513476155034,8.912373223988398
4.0397356432288944,8.391780751698265
3.816447146924734,8.286887059485252
4.154709980174426,8.13312060263611
3.9206361022862977,8.229355647974945
3.9435769826888407,8.369255936897728
3.9370980099265505,8.511703567666498
3.873670332202961,8.522833242105381
3.9995517536010743,8.243636350487643
4.04078305853805,8.57889502160152
3.915113172439841,8.566664157619316
3.793809250534574,8.118863667876441
3.852410615700809,8.096611832723106
3.7517704960452223,7.921052417518969
3.959488728897109,8.04461622406673
3.9520802165414897,8.271005964671653
4.057329048052011,8.180764011428028
4.08713027549413,8.784467848073716
3.9640143485480315,8.108262193431711
4.158092846037375,8.610253563720608
3.646992363907019,8.289177560946904
3.9209199832840063,8.209983055470559
3.973228960766643,8.075806145410311
3.969320565603695,8.328836299889456
3.892184757451451,7.810937835155748
3.7633439755645255,8.192271300602794
4.160076844701788,8.592594258754067
3.991520662734938,8.185756573197814
3.94605429593444,8.390687046475929
4.295104118088406,8.6262400878222
3.9958446388282263,8.203925311960585
3.8050662755424622,8.67902225682385
3.745721051169889,8.934912601957803
4.001220693356243,8.356795046526928
3.9861847666284564,8.217181921560673
4.120387780729557,9.014354382329957
3.7410375207619353,7.829023593273576
3.9866116962537714,7.864526287722718
3.9144513957431495,7.782237996008289
4.000843198602157,8.796242525887745
3.9802295599722037,8.543789903097188
3.9294495328269545,8.595615092848162
4.288577369786837,8.617423233711818
3.687127243078705,8.487148203539366
3.958634022143391,8.309653730487488
4.226979354489287,8.496888328365698
4.08907984776783,8.12004131348309
3.6868707622328234,8.084695705930416
3.794521343231644,8.121498312146228
3.746630233058329,8.04121643934079
3.752214261356548,8.594775791297465
4.0032375302740455,8.502631747530561
3.8411207368507783,8.313877323799627
3.8905546742071095,8.384590151251183
3.9064115636843977,8.538385726263096
3.7470355347929525,8.029571356686668
4.179857498120349,8.356821153603905
4.039537011557193,8.495845010953675
3.921690254663379,8.037458216927169
3.921479936556322,8.394526671202314
4.079168763309662,7.767972609733429
3.942948905091359,8.143103679485105
3.8417164643869293,8.341664195288915
3.8254922190159477,8.574053614430174
3.8856137617375754,8.178264672204104
3.7355261781868787,8.292905979215938
3.730583043170794,8.515275008979726
3.749494510815165,8.035825959312032
4.063748771489154,8.608546115835045
4.1539327168115525,8.127925955263791
4.112959901179868,8.419516191148261
3.922435058995789,7.627002658216433
3.887098692561873,8.582270220146452
3.849291715632683,7.815418751088422
4.012856853966974,8.463926113814436
3.5959947602497713,8.674647344434774
3.966393845915197,8.219601147554298
4.017324882846685,8.527568953584433
4.125483895636421,8.719097744523118
3.806123612813937,8.558903956484256
3.868966457273551,8.291578228499873
3.6112262778233943,8.731517947772158
3.827088344432022,8.38932925608394
4.108165518791491,8.606124039879882
3.9128085565120307,8.013016049682346
3.7697743440405103,8.682612866432724
3.835362586856013,8.01087652316425
3.8409483454057383,8.231768101977448
4.082146758454847,8.440063401991912
4.260371543241762,8.271430980259277
3.926901005126075,8.496827948014653
3.5928008056172707,8.12047993086487
3.5756851945275043,8.49815642549515
3.9984689856963826,8.241300621104607
3.955572041169433,7.99645388779169
3.910882862551877,8.209806084677336
3.648340630826793,8.13727052182103
3.9676217147737387,7.864014842432125
4.095132899479598,8.195614898619484
3.7907159415418046,8.25525968179784
3.952767774205803,8.317256089183655
3.7894589050326957,8.33923944079917
4.187991529246286,8.137228295951683
3.7499238244346143,7.964953891910933
3.8550479777951248,8.257974577385307
3.904822714872644,8.685436650008752
3.925227693454232,9.167485214564007
4.006340545365961,8.36371777190033
4.124314404417615,8.256111056675186
3.8749266713135757,8.467443349833328
3.798163434245159,8.156503725181981
4.283269733696853,8.297075298982817
3.9520513059874887,8.734520678649957
4.07521354925155,8.163604505885314
3.82979209888229,8.507941607271153
3.7454774944966185,8.282924617765671
3.768711756633184,8.35569821585991
3.8775394881763896,8.00607756488877
3.872092164056293,8.161111112299954
4.034571845894221,8.192578629523043
4.048440928816494,8.279925620956169
3.785657290164571,8.50107255095489
4.107165985849343,8.528080903429826
3.9926774344665525,8.218563088442547
3.7532718264042995,8.28444060600518
3.8757394697695835,8.434423190451565
3.79513219625869,7.754630009729666
3.9956120798276245,8.57158443556209
3.995786529268183,8.09926735141459
4.124722633863916,8.20363666857807
3.6473640638820375,8.46322109905259
3.773871283153277,8.408155873475577
4.080591870860617,8.598475530451404
4.023513125314228,8.361063425568087
3.908932711331444,8.507800499304908
3.8464138381517246,8.333228741460465
4.012535989328116,7.919363724295123
3.788086302777263,8.081892337038768
3.9114626249097824,8.503324337374414
3.767645329921282,8.011933139341746
4.006718469171234,8.103920905214876
3.863548674703051,7.970292711563881
3.8921816398932907,8.729657712592472
3.904110657672766,8.431043629408151
3.9058555921279985,7.924522705432711
4.0779502676722,8.213324677044248
3.843046091308469,8.517952594985053
4.293534519641541,8.579763928633495
4.14386846917977,8.196939890631434
3.8421479367023323,8.318572340610926
4.083754078109054,8.062751873225768
3.7639349106499416,8.404110166059299
3.763420057014824,8.723708285784083
3.8516594508019937,8.832763332945177
3.689496677148839,8.324299901690292
3.9481201277209763,8.70275302612512
4.212403897599089,8.343290497281872
3.713151597492525,8.58613166615061
4.02704305439005,8.943615862376907
3.8541047319898887,8.075224283581358
4.051656998454573,8.734653852808288
4.006670396197035,8.030358543666281
3.806847693812574,8.364873576638024
3.8916853140238987,8.742760232507967
3.8353119131120086,8.287270326369882
3.926533928633806,8.217508169269086
3.8376699355449646,7.924807350530533
3.7933331708180877,7.906547827119228
3.867069598963432,8.432120230224822
3.72080283675402,8.23623009190202
3.9574258093395587,8.50295595793378
3.884219480375248,7.976267394183239
4.194169221151855,8.41607552958016
3.7743550601499622,8.646281689095723
4.052172540526963,8.442759674542234
3.632505295634587,8.568132800411151
4.045987942863436,8.005037616251851
4.035555426052526,8.886982972357368
4.090976838133327,7.923414473116511
4.1866193570555845,8.279236171280239
3.87546713070272,8.174065638076657
3.7157527624576367,8.055495733685076
3.9930229524227707,8.34588673020643
3.941362068065155,8.325498335670487
3.8480103622227997,8.12402577606171
3.962828655187777,7.724727435963004
3.794608035197696,8.378733256168992
4.064814828091229,8.432073371602252
4.137349183574347,7.937632300448089
4.017565306613913,8.400959753848861
3.954426916686351,8.224972310811046
3.632264559849248,8.466916467584651
4.115809356918082,8.364084873479372
3.857246329496608,8.611529731187554
3.702455237508455,7.831670460107753
4.0200509447655275,8.4372419026839
4.303724073433704,8.05523850032804
4.006620327050377,8.50078550313043
3.8029218740639097,8.282075606503435
4.07001861136352,8.35529868521283
3.934009520648264,8.47132598339969
4.012110653810595,8.597608909588603
3.8629433735623175,8.160890559901844
3.906318888349149,8.653317790758264
3.6569619862349865,8.308404922897145
3.8710380443462453,8.374752293173085
4.049769234329993,8.391094926463962
3.800876869622295,8.624372039217372
3.666606651234831,8.499420279465376
3.783599723418799,8.364657789265229
3.80671324919969,8.250232101227922
3.878175334888961,8.150747410082197
4.132691917463266,8.566065654703468
3.9390088437262025,8.620762251072039
4.017905824260146,8.210800637773934
3.897815121909539,8.71554621478435
3.84948557103046,8.045074144951935
4.011856821822274,8.156928335496582
3.8185138653443764,8.537876888050668
3.725139791284695,7.918441374838467
4.0822810273924635,8.095905599585281
4.224817945832637,8.76391654277182
3.918192562913795,8.144583691771446
3.943605398754393,8.52087167314575
3.855421396284715,8.111938169877567
3.9391333208132373,8.909203485243983
3.834591993078771,8.44193443473614
3.8983284745256026,8.489355732149994
3.7917701777366433,8.364324560312982
4.034266511302146,7.975056506683124
3.8761054877895913,8.604634940965918
3.626990827251585,7.973477808701027
3.788801565676361,8.17844306097426
4.0373199824549495,8.822616636011842
4.131253462044382,8.060669131818553
4.129513197122868,7.945993942370413
3.9776252235502563,8.502465399902974
4.148715217310689,8.240089673310452
4.039664225221904,8.363062119701587
3.9285352304437278,8.055609975335729
3.6109185149106913,8.35125639294633
4.118105424979424,8.421750120601228
4.077576373478306,7.934900560710094
3.758272710846001,8.6907284000699
4.089753858838903,8.440769638067371
3.7305850153117817,8.50565984756906
3.730741567178819,8.415338381880707
4.215183048269871,8.215493515287564
3.878418235374702,8.490311247364007
4.09047543787206,7.748240802574066
3.928718368116503,8.372507074373829
3.9063491155522274,8.139465859609688
3.9088202431652346,8.197763543562397
3.9235447952123796,8.567400291283537
3.829277602698783,8.057250993618046
3.9473473808473463,7.998927898101295
4.047805049389003,8.417937311375816
3.979627573541742,8.632205478593347
4.08637103155721,8.619578153064568
4.049838795969373,8.273799729215508
3.9677271097746623,8.338340966118054
3.8108306845505875,8.45198931401931
4.05018475892821,8.184861063947897
3.702520679305622,8.41988466691245
4.130938354795757,8.559677221969856
3.7773760852469778,8.589919078231322
3.9930705106069877,8.353058326083517
4.133149222337912,8.169711360379738
4.222276606653571,8.305148101993927
3.6747832939151586,8.343284032768878
3.92805097460001,8.48168599415266
4.017388594657912,8.187278599776768
4.132385607080738,7.921403824405179
3.9170913543175203,8.346249256463304
3.9000341889845282,7.8174622326675
4.132859997731777,8.768582556280618
3.918617823536119,8.58446622704211
4.006992493441015,8.665534470933055
4.056652923938926,8.24671762515073
3.863824345531482,8.29061133555169
4.035909823829625,8.19700166001568
3.905399967263239,8.897481918176549
3.928888465751966,8.320618254814121
3.913070257856145,8.061588792261137
3.812340189232711,8.613792987786496
3.9199600983707974,8.34455476746882
3.66646520346238,8.323808893263884
3.9738874105474937,8.243964994922546
3.831058199435759,7.899127513506875
4.142597450608253,7.612501773964978
4.121594250837085,8.257855291171605
3.7042347356407133,8.46473995805008
3.9494199434805526,8.34528179896237
4.107139326794342,8.361138321846664
3.847411532476081,7.9527032474630275
3.8905813642865312,8.148123978432322
3.75844176146708,8.03568330639674
3.9338674983148816,8.657547040393643
4.292226105248021,7.867526513092276
3.721283802651571,8.49672154473859
3.717963893407663,8.104342910173992
3.85389835432525,8.51044251962855
3.752936302256476,8.105733366396564
3.7709965077862027,8.568542988316919
3.852217654294922,8.0288765130275
4.009392537181108,8.322823007092639
4.052690432237599,7.959719227388575
3.6664669634412546,8.341309896923761
3.883867051898295,7.8327755749962735
3.9874776513827053,7.758852367432367
3.8680301900507676,8.493293249468463
4.1160615554584385,8.129446276976248
4.223120333318912,8.457477105981415
4.156653633990238,8.363803290347633
4.188262060878845,7.899051484694137
3.886089896829948,8.245509476309971
3.847949338407304,8.406819600161123
3.868845765628319,8.340661432679855
3.974007003639748,8.551641786512073
4.1162588691814905,8.098537733942155
4.046192641336628,8.343633910237642
4.0608748374598,8.406267043730336
4.110615421079348,8.28592182516924
4.088607653974865,8.671534163319402
3.912443779402259,8.28676471575324
3.769925502171394,8.69204093048082
4.117765962974281,8.444007487736346
3.894111581414439,8.344659795112765
3.9287067479071673,7.864467322160999
3.9168080783685495,8.844938053049809
3.903579642260673,8.572909921704245
3.9670810982016564,8.194846078816003
4.011903234460292,8.66676642880704
3.9238592659909184,8.251043136822874
4.280957236985603,8.494751904144712
4.298490235684668,8.623932186471036
4.078726830360053,8.594364849559543
3.6126581278192464,7.9951275586724435
3.849861720057033,8.220737642683524
4.169306585056666,8.901636875847421
4.11558937662729,8.223318024130945
3.9129918906431085,8.065109023949388
4.086864761901872,7.80226617940242
3.8008903778440564,8.322977572318932
3.7578574538778766,8.156389453584863
3.8010149172843293,8.069257496056297
3.835961328914265,7.974326081009172
4.007905805816062,8.255549899978334
4.020104757878571,8.211587750616301
3.8530863836087983,8.277169700871502
3.719397637958041,8.58063452840188
3.8743457152521406,8.664948659145926
3.9590418275705153,8.383012049418234
3.9340204772512317,8.210828107412302
3.8199528375566825,7.728753986543087
3.941629375153883,8.505611941496982
3.6554866375778863,8.52543206059315
3.9933376093392887,8.28475749522767
3.900264185200935,8.142164024856813
4.156658097355759,8.502871725787486
4.0152816027710765,8.75829891643915
3.984483384536165,7.640980983211325
3.8126395466003244,8.300124977698944
3.8252800715392143,7.643677316153076
4.1023998114816695,8.326948112715067
4.022535738009108,7.832802765211127
4.000164568095203,8.273507113067044
3.813903038240598,8.536144283372058
3.9885863538364945,8.341399502553097
3.9430699963419427,8.705067325879277
4.028125041685346,8.17420655863793
4.219372147862544,8.251295865340312
3.7981941311131306,8.430540417731855
3.700013158821041,8.504117127338644
3.727260140182008,8.588343704665483
3.738866509597742,7.8260190928769005
3.722641358550653,8.548531466572099
4.13853973130811,8.472816988192589
4.1638037264000864,8.444775173735003
3.909729554758177,8.31162211191778
3.9416581017485335,7.9243816502739355
3.5688408479859133,7.8984592325218514
4.055332961860569,8.60235514264774
3.8949189382745755,8.03686329485785
4.3965825223587975,9.228094996521907
3.9109618856361594,8.77776711002199
4.262560608989973,8.245484725885152
4.044540371924735,8.17770180490121
3.8172526003599674,8.349726779304476
4.082851966455615,8.368214347676913
4.023034567693786,8.480783853357611
3.8904282871066145,8.222739142592056
3.940524763745226,8.328111008362084
4.152040080064973,8.524723354508724
3.9872503066415166,8.417667398300145
3.756470296090485,8.44779118159778
4.012942049678282,8.107688598299974
3.848645510571679,8.487447501814724
3.8319966675385246,8.39046379335467
4.034040095727737,8.015459184043339
3.9471375187007807,9.12336959316225
3.8271117259472143,8.433411196821098
3.9115241518294055,8.260419407390826
3.801000969423438,8.41163960272083
4.137092104457694,7.741815432248217
3.898693331167277,8.962421913217879
4.349727982661331,7.772190399220083
3.891866133346536,8.465110589458284
4.012187817708864,7.9566640021167645
3.8252143209059852,8.407410904445827
4.114094776677108,8.136186534273811
3.889108435613227,8.182912121908407
3.6827052053375806,7.945666546247999
3.812964132285661,8.420925214944328
3.8346681885672473,8.143929716209275
4.098848576114625,8.338536819070484
3.8918748864324333,8.349494545612327
4.051753537918283,7.869031582658198
3.806008805539718,8.519789915872629
4.17304527694448,8.235221603749217
3.817335511370399,8.485393028592108
3.862043941575185,8.39668669896819
4.147209034146841,8.195885430213284
3.734965964374208,8.099513681756656
3.9839002163711896,8.333915642051888
3.9050448598430294,8.630850679175722
4.123877582051664,8.442921993216917
3.77071989219867,7.655930814026108
4.005257826773065,8.239739541244376
3.73412641009493,8.235922753315691
3.727516322153256,8.041480652338105
3.8398186552495206,8.083527784714828
3.7770496001708698,8.201187138789688
3.720310669415389,8.546930713295257
3.74385066363536,8.58133617996999
4.229375692272546,8.626904397387573
4.092831002834897,8.087456945493061
3.9230428279301193,8.319783368747656
3.784609639019601,8.34605991228826
3.7885323580508254,8.775433560761684
3.770959762792697,8.707905435892647
3.8550587321714045,8.168053909316983
3.7933614914382856,8.468832308973049
4.0689029419389,8.658755501398801
3.9875535946503438,8.488851401085652
4.0278078464984235,7.9833534562873885
4.158702316077507,8.69333252284813
3.645253281819801,8.743356093814763
3.715423685878577,8.246853431062256
3.786041990462235,8.226294697476257
3.936882146363281,7.744765908242649
4.03261975051695,7.741724694811413
3.7373161477358403,8.276746126230128
3.7409055002317664,7.8876153574128995
4.247225784022917,8.3298235077454
3.7150275485501445,8.289381284466312
4.106679725745545,7.824943574568538
3.670240818534049,8.764366130276136
3.9618682938860696,8.206635779102434
3.6717948665081948,8.2930528522309
3.914702597253615,8.310618853452796
4.187741404402976,8.894125518099013
3.940897656067013,8.813088771600832
4.052697103983265,7.855426833925551
3.839030501526733,8.689867029692357
3.9572710240951228,8.500218068568682
3.7363335424552657,8.268724093442902
3.9074607315572605,7.842230130707049
3.6622031864040325,8.139504033985975
3.886931200955831,8.489641694038472
4.007084948690194,8.178671190291743
3.944846892541258,8.23451460462057
3.8839205558839938,8.432331170276255
3.8056731640802663,8.375226947751313
4.04315483854881,8.718677154358721
3.8358069646382664,8.597457271086924
3.9053994794082874,8.733585651664214
3.7575546734635554,7.8236938796794915
4.10423550004096,8.261173016810456
4.012580134384325,8.63794690587285
4.232177793894255,8.016093011284008
4.115766509349803,8.346165172854242
3.7297301843090422,8.304717022299021
4.064043286021468,8.300481924819756
3.6103828213992113,8.479261061362633
3.8708178152659456,7.622706796435275
3.916804106323501,8.111213491586724
4.0410842736684005,8.805059779862875
3.736576275057281,7.765939987750817
4.213211923985526,8.35582393544
3.7632335027908232,8.548011421256172
4.066066403405576,8.435161240329867
3.9505077455776374,8.176917833327412
4.034484431692233,8.9686818859588
3.7873202858689003,8.263928228312112
4.094307679654124,8.363794096298301
3.9951190368552503,8.178892579251302
3.7873998323879645,8.324234813389033
3.684383535227709,8.331511742402185
3.6403672375522413,8.932901102784337
3.719405674284359,8.036370117414986
3.813315081621243,8.024772744566828
3.941579010110601,8.201311404785155
3.9459531881839207,8.261203156554936
4.444163938422498,8.161703398114474
3.813781800280273,8.393629768816897
3.8174220331553608,8.443427968865032
3.630981768994542,8.086904848327773
3.9124714188746066,8.088446111820746
3.9300906416613874,8.177801357651088
4.102725430917031,8.486103922660046
3.997548401863495,8.544714028785393
3.9815664476822046,8.025890135859877
3.8475965198555686,8.188789264005598
4.022809425581267,8.782161292155813
4.108310133236887,8.345410708946131
3.693246613724934,8.297144682957175
3.623950405198472,8.488325896347119
4.079303670061672,8.391559644218834
4.214408390192854,8.298280181994329
3.7283366913680034,8.251936681122935
4.334411102549072,8.20587414537787
3.958917344280241,8.074785101221106
3.9161196270811938,7.966428248346424
3.760077154274982,8.457270336212941
3.8223204332307503,8.044653148763903
4.157838393574893,8.759639497806818
4.046050371123055,8.014145169695853
4.115265402667893,8.30936272342467
3.936543624634713,7.950730974955815
3.9411696352074097,8.562159203850667
4.202476821300593,8.005911207746168
3.857262054292397,8.401323630813074
3.709162336522601,7.806609276000318
3.9028927840702887,8.31545564768924
3.850299748790613,8.350066816045354
3.797993329497052,8.095859803474177
4.113945785666931,7.587239193503635
3.8210990101381497,8.389540350770526
3.863532739627385,8.141056143772005
3.7425015695287396,7.676894799946157
4.086722978025397,8.184530320273318
3.7909739912910427,8.51218111727728
3.830280993350906,8.28819683611676
3.76771052669071,8.347508559926988
3.857548307136083,8.591913650867744
3.907270518882356,8.04176619579824
3.975081638634204,8.754373187630485
3.8920478465059913,8.47783792458815
3.842506472736326,8.226394715546588
3.7104246744865983,8.556931362583592
3.9748430411164186,8.102741956370101
3.6328220862697003,8.347716605583756
3.871439001298817,8.307141076566134
3.6918108940191265,7.9027928787502795
3.9483700925910514,8.307992909925428
3.737223160868936,8.799027175966735
3.91953018537025,8.784684940328889
3.8913956869205157,8.431437236684735
4.153164157059129,8.606949465782877
3.7285523919593984,8.040938286785455
4.161403944158282,8.130888386268428
3.963466192102656,7.63819702868627
4.107830910337737,8.715169092759258
3.7273938552264267,8.34219526558795
3.8813022591322324,8.750091793728549
4.007644721673387,8.032256041157277
4.088713540268957,8.616166697916459
3.8357943984038303,7.8185495350590735
4.087895798184186,8.623260972268655
3.8273843444525704,8.144010232195676
3.687770879211876,7.7751235047218294
3.879290110024607,8.01415842639679
4.175346605741965,8.278475810855385
3.7043439415438004,8.470505602328677
3.637481986193128,7.929536584361499
4.07118431356738,8.577215415023524
4.194377700355047,8.015264255247239
4.058226204580853,8.160469213314089
3.8845865637436665,8.208957122488446
3.7944014933657044,8.765307959166202
3.9264688932090213,8.142131051243556
3.824923291614401,8.353617250231684
3.6787333897193286,8.50331301807725
4.052266071390622,7.96153900329092
3.6738403059346463,8.509365842829933
3.92230876832644,8.476749160294233
3.7820846458274393,8.920446346106072
3.925308683425613,8.23933208777263
4.0853653096468285,7.98761242118169
4.043200406208895,8.656100315659076
3.860458929070823,8.103744883155578
4.139957411662084,8.478734923998648
3.878878633260178,8.294781350459456
3.9140418806094406,8.455250077013172
4.0602174244621665,8.363783714708038
3.9285918555154455,7.904794429599859
4.050264756610663,8.119377490323277
4.0928297521802115,8.427210355744936
3.7627396838851506,8.412571694803672
4.14074517163777,8.397679905657665
3.788621289905901,7.83150949470446
3.959228474197547,8.486228303275954
3.7433565629457686,8.718678375027062
4.00370046290625,7.997361870540151
3.759624197286345,8.218469069474992
3.9429001552119547,8.163562794164655
4.063346476011495,8.201843909046106
3.9010710454230617,8.367942221402984
3.7692183229738916,8.19821914676049
4.137289896378176,7.833862477791266
4.121793633189426,8.583148854351677
3.9332244889845436,8.164448234468244
4.031571079868613,8.381288355053268
3.6900589475853227,8.304159968919109
3.981286457897567,8.16507759102689
3.7363037933164605,8.792981873263187
4.145619158001803,8.613772383976212
3.806075416575995,8.3601576293371
3.7835777448604992,8.336859226123845
3.693795640285321,8.24289173967177
3.8089339377018874,7.726484580915034
3.9624000663530037,8.625068690461699
3.738154660396303,7.931393651411883
3.9443270573565723,8.082985502048073
3.7960000193630643,8.150314079448432
3.716600013197681,8.343153345091226
3.9666991491042483,8.36264677025235
3.836096528607766,8.617032414419162
4.037951627708921,8.09850375218818
3.928371710877029,8.286487594254394
4.026435666366708,8.180518490103145
4.249442516516393,8.695556968320423
4.007524963777464,8.705716923429845
4.012437073267646,8.351992415248708
4.001813138955656,8.376436294237564
3.7942797335061393,8.184281100503641
3.724045881294076,8.405687706139037
4.116421333867234,8.187700957087918
3.947584254898539,8.119295201180888
3.953399534776117,8.357094202556695
3.9618534538130437,8.219723034589459
4.398833770448974,8.079429280226458
3.842503742393973,8.310856977556863
3.8517104454413293,8.21199860029198
4.259140286066775,8.272998588350104
3.8463254317723057,8.263033139149808
4.226802649642273,8.3503520752135
3.7614591565387143,8.327823164371374
3.8439767543360155,8.851848889996402
3.9067112075217403,8.045025697287468
3.767161215123037,8.73981741269584
3.9648695644082936,8.153809994642762
3.71520425622676,8.14425042448355
3.9010564518523974,7.808252401172103
3.838795118968764,8.220814334072328
3.7001001329033274,8.25822924467239
3.8195756637365195,8.582846651105449
3.97370880057295,8.013666920349188
3.9590497389966197,8.091933818178386
3.7651610387181647,8.821433346112848
3.923608318775385,8.938634315209558
4.04577235095346,8.547890138040856
3.884922495196834,8.224068520799317
3.9189460273618293,8.637978100160424
4.0841782696397555,8.387284759306857
4.131380394645906,8.252694037092779
3.9779433751121385,8.393268398009397
3.747557756420623,8.180636462746557
3.9626200841597665,8.346146624537607
3.879677970466802,8.916796030705367
3.911367915110547,8.336883401852866
3.9063206033585516,8.677538770770067
3.9332715459143635,8.61042285356229
4.159844502656744,7.98890228128745
3.959204841964475,8.302154653390286
4.246583770253436,8.359003324116708
4.061908635731295,8.417143560867867
3.7697602975932583,8.430076947229136
3.82006425699662,8.488571965132383
4.036368157698829,8.232383805878909
3.81307682017568,8.136861412517323
4.024263407950211,8.563299101552357
3.661338507955226,8.674087332470137
3.924493858011534,7.892780187587609
3.7254296864975243,8.841014256141179
4.057602095476427,8.834459857020383
3.974433474903368,8.647304477822095
4.00650224787509,8.300794160021526
3.9554649399327144,8.334588988310779
3.750948770317181,8.802400886535196
3.835542255536085,8.205114498998306
4.129742035527027,8.389830785065442
3.792778746872644,8.507439217249974
3.9522341268569057,8.802529281666256
3.976264581189071,9.036961201839338
3.7472615633381072,8.79839770087353
3.873013161860278,7.668406338663601
3.8691991929663345,8.37020934137174
3.9014968196882913,8.495501184777412
3.8623795276448534,8.63558594564489
3.589840845004457,8.912210491894076
4.028018493810497,8.43001648773924
3.7512055114286817,8.655140010936762
4.01377608763446,8.377514740636016
3.9192490215810634,8.770387907064727
3.7200411220054765,8.46917049387839
3.8701993690113174,8.238998919413428
3.900777001320901,8.39140063151597
4.008111210351985,8.695318558705681
3.8260589101016222,8.926417772444477
3.9851234755012603,8.153114462323748
4.172658334687295,8.682571940874269
4.177244943170094,8.479179677085552
3.8909958936370668,8.575114661199665
3.798510949470937,8.809832954971368
4.105361809555856,8.350152049408342
4.101063832784842,8.464680033230373
3.9272265601395544,8.151851243312466
4.029038430646591,8.506843402695536
3.7874958796875733,8.285629803288515
4.0722619042054555,8.433681311414677
4.2387505331452395,8.251043804181482
3.6622250928860702,8.140072911808442
3.9733807917776884,8.17233732699953
3.9174198448911164,8.150477216526749
3.963615072021616,7.838970841415496
4.01599533324797,8.728724635678308
4.021039959505129,8.14867696750015
4.033272194778758,7.963187759985456
3.9620092272073353,8.505786319950525
3.796276552251106,8.206600651320322
4.020204091334737,8.577015729772034
3.948078051106056,8.317130827080044
4.08907311107017,8.451091024188745
3.9775131518701543,8.285231889378466
4.147008504629621,7.909412554280186
3.9244564281772445,8.601673027462017
4.09194426892706,8.195958365273373
3.837474626941028,8.771898276190841
3.6327278823958484,8.739133996510594
3.903984198058134,8.375504246929435
4.053680981854536,8.257563723983354
3.840088866067726,8.164966849166248
3.9781315967152957,9.034738356705343
4.087469296528043,8.862887091059305
4.242967805031489,8.818976162812778
3.845843788994223,8.735755776598682
3.854555609822827,8.710370346281985
3.744828857105072,7.881171730805507
3.99902336477858,8.444212803443675
3.972676842103597,8.06245978389646
3.890244588838633,8.407897816278608
4.108826370751719,8.282155222976632
4.113447688535307,8.617767183615218
4.003550433387919,7.971163943204882
3.921679461292964,8.089933828582616
4.202401807354884,8.342908171340792
4.1310372357371135,8.090148110871029
4.241570612134483,8.373606155400932
3.7758287537921302,8.279740485008697
3.8765181376544406,8.312130124266053
3.882452600697379,8.056914898012637
4.168992547421631,8.326698544820886
3.5793366704671277,8.595773154021186
3.938304808767697,8.67950873032369
3.853736500380101,8.76590571509419
3.9845839224655957,8.060441559475757
4.016754942674829,8.438451172400912