6.655882349182755,10.609538675790947
6.793801938866579,10.72842449847032
6.903762619376367,10.883213804100443
6.972914671665844,10.392504596075272
6.916992271384558,10.594645763123243
6.822476240737483,10.879358800538013
6.740183098933488,10.515817001010651
6.979291237160232,10.62939311853083
6.9917887605112705,10.613680391967769
6.914633997886376,10.83984634717233
6.6804392158274,10.726981638398549
6.764808505682714,10.806200014918344
6.852477792189973,10.597183403727042
6.816132588179814,10.786977738388925
6.83874437619789,10.43602010889218
6.640293364638991,10.628598593758495
6.947534177282169,10.425551398660348
6.7017333851547365,10.750707048830847
6.694767830319481,10.597978165026309
6.5599128803624644,10.576291706897907
6.801967292173704,10.42210602527778
6.685844163531259,10.57157326370138
6.970307098801592,10.88423820727523
6.629828438556427,10.610457434946426
6.75395630133418,10.416124205889078
6.670882171893596,10.577961659955312
6.8042167420679665,10.435618701732892
6.743479569720869,10.588426769472134
6.7844478537611765,10.44125451144444
6.767201575362374,10.848877160777503
6.97568156203554,10.43516534663496
6.6126204767267165,10.502842008372179
6.815445251296042,11.100830691135393
6.629040069502645,10.746490803478212
6.88867473361554,10.755432031123146
6.867120469184803,10.601399795495002
6.798253591130941,10.595118921799731
6.459163589587207,10.635412603488815
6.8615092565786515,10.973138361660165
6.960430843591321,10.60520315495065
6.7660322677291855,10.416903141179905
6.762724461338658,10.883039196698725
6.7870815712330295,10.598292878075256
6.74737887732567,10.590901531028704
6.960106816988795,10.585350697916539
6.665713736034345,10.59782742660856
6.740998923757971,10.881615716538997
6.7762176339881695,10.945405412487077
6.94104288438408,10.880714373670688
6.976634264792974,10.637391403809403
6.8024040579692695,10.800582800252744
6.846661839276196,10.719915246659355
6.795722443069806,10.849129538293399
6.618292552245578,10.978650592426773
6.7781247069899235,10.507166313808309
6.66447715090992,10.420576873154998
6.888283164231377,10.717724900941068
6.8470070988146094,10.59729217774332
6.761958194049448,10.615545268262718
6.59152102137855,10.704759187868596
6.774091053846553,10.854062587832466
6.639791622738687,10.509394675714553
6.6517702855260525,10.43192789842293
6.709537729460401,10.787679652019076
6.624261059595697,10.62787241142868
6.829479765917316,10.841834847621238
6.9240126630581695,10.852597897489199
6.906027785653139,10.670420524077057
6.68914930065959,10.64266978388404
6.899391082521459,10.522475796784732
6.757561232992763,10.423248883850828
6.716188894516267,10.544796716125179
6.861776753616405,10.565692473483985
6.943321928160136,10.84879027796324
6.795304876083207,10.66923520202825
6.844021774489473,10.60640001901233
6.901165152638866,10.707130660491362
6.761711139864916,10.641724812358724
7.045903640224048,10.59056254463495
6.695876052369689,10.592663261833755
6.626729682106082,10.596641643584286
6.719656889615337,10.615208747497983
6.9472491412045905,10.497493049735777
6.754475662873387,10.955154891529988
6.784565132935714,10.844174679932294
6.91962508999859,10.295100328329498
6.901165152638864,10.604117783722351
6.875321525787318,10.559903013668212
6.800413057228191,10.532015414290857
6.794950476830496,10.591094416101596
6.900902878707816,10.60520315495065
6.727888564707133,10.462834906892093
6.746639953848133,10.612986904299142
6.70313510602495,10.945076639209034
6.617457855743209,10.555091102811184
6.652267153224615,10.785637928388
6.665009974124404,10.58738214473318
6.825695983425241,10.424560979492943
6.873986805124349,10.428391387063575
6.674842715012083,10.976356763724933
6.791779365843066,10.594249354670769
6.812723850963039,10.982316840619953
6.719467453222093,10.72501525391583
6.7275039392431255,10.845822705416984
6.701068124257438,10.625722806649094
6.883379950135149,10.173140289964474
6.954762958739466,10.533801525755962
6.746380561825023,10.624965951762341
6.588267864216404,10.607304291351449
6.8119099364137226,10.752170164641687
6.720475731992393,10.754229461811331
6.690167390372202,10.422117600393209
6.855084469106705,10.597293817344644
6.9522262166150295,10.263230230340337
6.723994770286786,10.279035318818696
6.7243570077785115,10.600323159980439
6.889535037195869,10.373429367208702
6.736617960427127,10.991599910669738
6.827754115036624,10.266630083489979
6.733332789643303,10.576371579423725
6.719993187666325,10.609236330772555
6.603920031001623,11.097723787589747
6.7679082029279245,10.649847194806027
6.815105023388025,10.625881900984568
6.543410986889652,10.75117725100693
6.583553925217453,10.604949410539662
6.942122866373054,10.603539569360562
6.7230039132118815,10.844322762449865
6.939846551870967,10.976696268196582
6.887754420419302,10.758534351176417
7.109728554972321,10.881615716538997
6.720013795609778,10.583764991806227
6.791775998341316,10.581830457704937
6.798682957260602,10.650163857141234
6.830234050588645,10.785470102055863
6.714989389569235,10.435078399350491
6.979161062030874,10.60354284853215
6.671257798953838,10.837759774784
6.821029852806491,10.595153289257421
6.861586326429957,10.879193414561792
6.787841181189435,10.837759774784
6.849191391380265,10.60442967172491
6.916491756123906,10.457672899049248
6.874093552773963,10.637786792964587
6.767218582673185,10.640441890698597
6.65269506488258,10.4609264364045
6.818526461343242,10.671719332167047
6.84867556832587,10.485904611923761
6.922225676488093,10.752580896467114
6.890343852573508,10.719915246659355
6.823984587656567,10.601500281647889
6.750621841245622,10.430155280686188
6.870123567535184,10.963808353030764
6.739459461298859,10.878661050935923
6.616024951037173,10.732036586923833
6.75168395871328,11.193818594209551
6.78677932115779,10.775307968081423
6.550438892345414,10.306307464820927
6.810787479378196,10.565966116381833
6.867172323824814,10.45562499755122
6.795206254044664,10.592685490981852
6.885294576943249,10.755582802476825
6.770083349726218,10.604710338349129
6.9216938307176825,10.485536298293969
6.537599533300062,10.32933069686095
6.745219468833614,10.574274259920236
6.821650373853011,10.460896245249934
6.827510142250721,10.591589192839717
6.958972599892678,10.714321748942561
6.790237019739057,10.842518547762712
7.031900232682009,10.80695077213301
6.930224148885866,10.558502651376195
6.699247283523468,10.788424443436783
6.864201543627744,10.5971235255659
6.870115298094103,10.746779260080224
6.650192744099176,10.669933947163594
6.937383073106485,10.847904102349897
7.048628704850867,10.787369512658367
6.902646753607184,10.595430280670598
6.7682547823260855,10.753619848050743
6.854771090607818,10.506909752970838
6.618713207133419,10.609236330772555
6.808359205283961,10.886706178375512
6.667161689234383,10.845100423796366
6.813866737668678,10.625558456569177
6.894388104385057,10.716994952965518
6.969877627258818,10.381594730592132
6.552114200070404,10.705716676533955
7.029424358221958,10.633074269671837
6.615962732174276,10.603851423350699
6.991409639282898,10.707546368858761
6.881276506199526,10.749724754564365
6.834875394246843,10.468322960083134
6.998369427974964,10.43535826667421
6.77824648040846,10.62862606657871
6.849439032536962,10.318786858345183
6.905760941079326,10.592576435520211
6.908816117726463,10.493689502321288
6.893363586614084,10.857565738706144
7.08254939057183,10.431793021848804
6.960494268174783,10.423789203789294
6.9689838694414075,10.586312611849506
6.971107885422488,10.882530867020098
6.970507814853948,10.74065464462155
6.802526381722031,10.883882674721413
6.7832075326098735,10.442383613525898
6.758368572283007,10.704443497278312
6.6207391714158685,10.846238870615947
6.931193105661046,10.253625932573769
6.853577340715868,10.717101624251935
6.406607916194821,10.538676458487034
6.815810546730109,10.886562742260013
6.975411174567312,10.269419471874267
6.943321928160137,10.606642508402263
6.78434026546458,10.495804442811329
6.977768376517332,10.431791001968115
6.761414861213794,10.799659033385408
6.761233969510396,10.980352355844191
6.978512663096435,10.284261832947875
6.7832470695968805,10.840252688537605
6.827008222120448,10.606715382335574
6.882432338388302,10.614496862479474
6.611247545255388,10.636932030909758
7.145434036648416,10.746387551148938
6.774441368603019,10.299597525977248
6.812086378404393,10.118734051146133
6.903144442025143,10.61471344958415
6.808544490612897,10.63786835597976
6.784959271038051,10.5971235255659
6.891210268946582,10.417052180385157
6.847720024991899,10.587682971863195
6.785330252122169,10.875448777626069
6.922225676488093,10.630752658390735
6.542684958294249,10.359247728755516
6.851050381498092,10.423237069644385
6.764554828337831,10.845661147250718
6.808570390787966,11.052671414698178
6.7712364353067835,10.596987549823755
6.843180527043214,10.412526822906978
6.668235675268631,10.876354452607373
6.8325668632466146,10.786321870262032
6.762940903273754,10.584134015137547
6.528356151412806,10.787389216963696
6.993812599292685,10.726665855837883
6.887470254545237,10.783914138620993
6.720619369146978,10.716287837924229
6.871716900452363,10.601074731194824
6.9393508315188805,10.731541382373655
6.650104676100833,10.584435699167829
6.734568372511213,10.978349491346455
6.930878108618615,10.84390323974351
7.027466207228534,10.462444430693044
6.827487199677433,10.810029271548263
6.756467255488871,10.97779811108979
6.553104907597429,10.590438292496618
6.938295600030686,10.649984734325013
6.895980325267185,10.357568210418275
6.814028523409169,10.60828388046752
6.761164422265012,10.3125082349155
6.872388859807565,10.802620252080377
6.960418237515671,10.977982415285952
7.01071701551137,10.844216667401836
6.9053761709616275,10.569941391783617
6.772218634727712,10.461498280924914
6.731683655380151,10.313827387605592
6.896143146145146,10.628281987994653
6.646729977833429,10.703527534992077
6.77941677315916,10.623919555638581
6.819407214364844,10.41821109912455
6.950148057996988,10.886242966264877
6.957048613858738,10.676609490718876
6.866416135123214,10.678136252694738
6.756573953773182,10.565294721299551
6.853105149609551,10.721117339903051
6.95814292099972,10.74978290878458
6.589338991818958,10.516912570980997
6.775968384262272,10.745224781985671
6.6530814435606755,10.752156377446804
6.670611439026264,10.730710927758361
6.719220247103548,10.684533347539984
6.629158092444088,10.849383253648892
6.853834864831142,11.013536732406791
6.848568404052203,10.272458095699687
6.869567070164706,10.529901173283323
6.791397646710228,10.711738929319111
6.834986238255862,10.832505976459462
6.820623721249229,10.594089250080302
6.741812397036167,10.43270339398387
6.887676258841939,10.4693630234014
6.862269943968784,10.67678951026934
6.634966072747448,10.591161851499276
6.948403713488578,10.717167622771365
6.807757500842744,10.849412233165438
6.697896455957916,10.849062130669154
6.85228412741863,10.392159153555307
7.028846860223657,10.591259365251805
6.773464399200481,10.021863354719418
6.609465356584303,10.879193414561792
6.704235648728328,10.46823042640636
6.9409426921377015,10.606756445373609
6.734915003591396,10.66877971402787
6.8072291791533805,10.789932905880134
6.7973302396905995,10.58809626491416
6.754279629785183,10.975871162292599
6.798337123680104,10.727726524201618
6.568375998232087,10.688941449220142
6.6874209950196155,10.565516147297762
6.618981678053628,10.640587529795019
6.860737769656999,10.601983380534186
6.834406489555534,10.745392854801255
6.719757159876189,10.722275969364357
6.601508574018015,10.59056254463495
6.849629668042885,10.708787714588688
6.628438938876955,10.876354452607373
6.873941035522323,10.544625272029068
6.822482485311744,10.627622874703338
6.981923139740749,10.55154825579102
6.892180646657617,10.440205672732462
6.879071598246966,10.426919293962994
6.943078196596762,10.56164973019039
6.649875911172796,10.597809938917013
6.858330565296285,10.417566464712788
6.85089762377566,10.444147063254434
7.064707905170146,10.72827980177019
6.958280815196081,10.575857567186212
6.766814202099574,10.84976070835315
6.851973290085606,10.646234092396467
6.603182832497932,10.600603699131186
6.688543098331301,10.580142006537805
6.923052109387917,10.78963295707604
6.773380512486519,10.73213619133709
6.668744017554828,10.881619169957352
6.723978673637863,10.74596372249075
6.890791176194297,10.596801825331402
6.763366004198103,10.473068813248657
6.835081423403793,10.742880487525136
6.991098559809493,10.768853356027744
6.888366141495168,10.63627401164314
6.956925295778942,10.870348492728878
6.62695979615355,10.752724103356355
6.744931073368626,10.795893899697097
6.870116067134422,10.318714238642789
7.082641814284911,10.34770938835169
6.828776134291835,10.584931590187306
6.879642059299284,10.405997007770907
6.789691977478371,10.783372071503836
6.773611739558987,10.803058638407734
6.9052226758749145,10.489261627009137
6.833602138880558,10.69909251160723
6.659070747913289,10.415959686855464
6.571447881188399,10.845912596910676
6.951482140005577,10.63842947812658
6.715252987466112,10.596631549364162
6.790095671018748,10.566540240108383
6.561808514605236,10.887263001179582
6.64191305599072,10.601234523245726
6.658868439165572,10.726517850896597
6.833980009139515,10.673253912318124
6.56310555753573,10.594841946665527
6.924553861738832,10.716671294775136
6.872388859807565,10.424739586768286
6.698347657182455,10.11141105210123
6.7824192330109625,10.435236779339471
6.731811025362182,10.744252658897691
6.8849210055830845,10.59700642916182
6.847350776765114,10.697772522065945
6.815712392413206,10.632149512729242
6.864654024321561,10.730647203032884
6.842135576581618,10.477651003199314
6.586677513753694,10.8798552342047
6.9387471685954365,10.58956455997506
7.043858626382275,10.440298566571244
6.6891561694148995,10.567231696685372
6.850151839770842,10.843310939628331
6.691667395011281,10.636587794097762
6.777465666837671,10.586000910840662
6.95233679133851,10.588603025946606
7.066255345221982,10.604090456815673
6.735460640120949,10.850131619140443
6.7383198027590385,10.744759415669954
7.08027285753058,10.812830300122881
6.781475021050987,10.618383153198169
6.785187287487745,10.586932980445747
6.5706417804885335,10.496962654893105
6.862106593203768,10.792874143437652
6.660461329618231,10.878635805269623
7.053388173246881,10.604571046851994
6.711780989890148,10.434401443432659
6.907369980786024,10.467879912897214
6.932770247102369,10.882418489922287
6.993145045698082,10.88213796523567
6.860347357922327,10.607713489822096
6.970307167069404,10.410693177484388
6.91556819924335,10.636584184508187
6.683689655601239,10.488480241792576
6.734980437090018,10.801270133131998
6.8633317758534025,10.733662307214532
6.677651036786347,10.572207498764389
6.6264956391381356,10.677059748090645
6.751153211874821,10.54245846602416
6.69887964322014,10.953464582977947
6.674254253049811,10.347665077822148
7.0043085936431675,10.586890123723636
6.719831783873687,10.845695186695975
6.613383292627767,10.292693766615027
6.974842516952687,10.087381715475807
6.734593478432037,10.468432115277016
6.781379260873411,10.638985707795044
6.748111947868189,10.599878759667096
6.826534838547554,10.74422585752504
6.821501451398811,10.981386522560406
6.703777085894301,10.439298796723172
6.900077989759581,10.578425519923103
6.905712053408455,10.42145345636116
6.811954217634997,10.727860617200626
7.045986901014734,10.882134511488015
6.867848919098082,10.684649833447176
6.7529097569884105,10.597739347222095
6.7658591862850415,10.852347529354194
6.58601955308151,10.617501964440953
6.834407716549415,10.608303785730316
6.879833987974061,10.704545622354111
6.690417864852207,10.609033070653288
6.742745142464644,10.817092622079462
6.883813076707004,10.460115013104554
6.768784596970874,10.47886745831553
6.7303819001107295,10.434276588703762
7.009972680708106,10.843742687273846
6.854537385496819,10.887442745554413
6.69659623531161,10.84000288967706
6.816910640814146,10.474867874436043
6.757817742928854,10.566926601732753
6.738098233500044,10.769669724076408
6.9580652509193355,10.609087783333925
6.685930853360024,10.567348897198453
6.695407885644782,10.57442488407684
6.865383974294606,10.844147868683256
6.84770810935639,10.845880953394023
7.028420571123047,10.404497477007059
6.847507970852036,10.982460891492385
6.805848330992203,10.58483426905396
6.438729687109982,10.882308650777716
6.7467557814514905,10.627073532999713
6.917389587283118,10.589702112476466
6.750136601605013,10.675632291165762
6.901891524237343,10.788434906362918
6.537545432808959,10.63891483640897
6.88890657041342,10.843384934774361
6.798090833893406,10.883218706916729
6.866341228224556,10.712022654417343
6.671797586016226,10.875124193508574
6.838103816138814,10.597126800770333
6.725284250227971,10.423248883850828
6.8300205536498035,10.57967187641775
6.890916176638052,10.596631549364162
6.776755449580736,10.632672830679136
6.656741332787887,10.889989587894949
6.790959188076704,10.878778878975606
6.676408090654099,10.598947010847379
6.804132594077643,10.76897347090599
6.67711182425987,10.784008404485027
6.9139450911154965,10.5871205168889
6.907942918584468,10.327806238560887
6.897445231720123,10.630749362368158
6.76024066769929,10.87978472061387
6.904137769918346,10.090589193465124
6.940891850304767,10.302817588845356
6.746587858305319,10.733346131204035
6.784499878410816,10.547830782863675
6.89304207227169,10.470107131626921
6.728738885779845,10.625416521303654
6.729308621600436,10.837763200421966
6.660657052476338,10.453963335491
6.653693128094964,10.480580622886615
6.812092750755471,10.603793195717076
6.6653477463261375,10.628887402097167
6.905515872777037,10.48872785335177
6.763885377260281,10.74945569115881
6.852370356166022,10.449099347219269
6.889895064868456,10.611532846033903
6.728169849412509,10.608064562279164
6.686565196760117,10.216031789849161
6.711914770511763,10.555789177914171
6.686199409907592,10.515750972455159
6.936737822688839,10.495480423692813
6.993057168450823,10.57442162289012
6.854417153131203,10.70371359719975
6.6022008952299425,10.80959616503505
6.940891850304767,10.579293236848123
6.701716401394955,10.627875705667526
6.769977436385549,10.479850234071975
6.866796001804245,10.42393668720602
6.413362719403245,10.399229215993623
6.939797651487241,10.790211021625021
6.939665799350159,10.587236081683615
6.779970505820632,10.798330661714289
6.794038125538559,10.746944013061087
6.857899303161136,10.613128507684806
6.663716163175406,10.861940804837154
6.775430958097724,10.678405582377318
6.944578470031918,10.557133647324111
6.640705603458238,10.54258433359171
6.776144981879818,10.709588362885096
6.566607039149399,10.561408681723982
6.853269948076127,10.428714331262077
6.780357738414747,10.784262475029537
6.812039279061736,10.74541411832092
7.063882243419632,10.564364317932004
6.843043604889644,10.787212761015468
6.613522666877502,10.788369775490484
6.839756043026242,10.774895282727442
6.6129472819310715,10.57677862302498
6.654097055410847,10.743830049689246
6.708954756430085,10.710294532946792
6.7461332906895,10.57961070000207
6.931049253068852,10.461568025356367
6.844111383006751,10.88241503599657
6.8585420317202,10.97790852861957
6.8362639920602986,10.511285492943278
6.6640257937788565,10.972447131969785
6.736809216609988,10.600396378735883
6.564704721294481,10.33878926694822
6.807999486815659,10.596471372764766
7.026760738440088,10.745426422727869
6.752370541131226,10.604574326661584
6.684270590379061,10.941118115392499
6.860750188926748,10.975873394221452
6.733179910863599,10.881477657607437
7.107531851659727,10.382892396181218
6.876465682889175,10.842844617292933
6.881489315546176,10.311010271196706
7.0700776898501365,10.88540266945283
6.811092964811127,10.810734398659868
6.8782574372553125,10.726343380734253
6.673753171685722,10.47677501631877
6.671234616873405,10.719213288459866
6.97358449744126,10.439778782007465
6.831426320818148,10.973289738797394
6.651877145381156,10.58821428806389
6.745525793711816,10.844470606338547
6.856677914564526,10.593924212773283
6.941330383476751,10.445360310995087
6.9814458853434775,10.751841045660239
7.028989805773641,10.573488022710078
6.779286592606942,10.997997141723877
6.670438255969108,10.640160793113989
6.790562434212123,10.564196891119243
6.677172717235433,10.711883180173174
6.8658133907842,10.963808353030764
6.798058331990935,10.574452318138357
6.867179846592486,10.703248478355835
6.83309355139054,10.63721046453573
7.011180794314443,10.704443497278316
6.9414749652596175,10.557297599693067
6.709834501236329,10.719345495916356
6.710534602744143,10.72676244673972
6.899281781214569,10.72772142824125
6.73346276063974,10.745571582327733
6.869946211520198,10.729837927775753
6.8118543785022645,10.709416301373958
6.572121755668001,10.755108194196032
6.67722574899161,10.452447029790916
6.975154666075732,10.589853085233711
6.601470070895583,10.262848305697748
6.759708440008475,10.749317147576683
6.879557600571628,10.428063687020407
6.94733949344335,10.876680364613561
6.677545436553836,10.568858832016492
6.977336503303256,10.265924954883133
6.8495100851445025,10.55249287195179
6.7645840341815875,10.81572527858269
6.935290316985588,10.849742239195077
6.6392222366698705,10.719911895115914
7.082485894990522,10.840277818957373
6.645994894451161,10.595840634907264
6.718569095351615,10.642003937594747
6.893683144364344,10.978056522494521
6.824769586306075,10.590233942216388
6.8154312917984905,10.592663261833755
6.7333343959228955,10.433868045314858
6.561420098671053,10.607752460430808
6.624139766440929,10.49847338075249
6.845310675618521,10.8429924208801
6.944870208270281,10.457870334314899
6.716009501119522,10.716883264779645
6.719058144844539,10.588237204869422
6.745337867329846,10.426689914206468
6.7475292965248865,10.604568959508109
6.647174592655588,10.607201132508687
6.640336652257549,10.584897556189526
6.686949884673034,10.677562370328612
6.849137489719468,10.745983275821878
6.566010762312239,10.739583833688956
6.630734371744061,10.578755354877856
6.842797015420763,10.59815167029266
6.705546757848232,10.559735374184148
6.9421294643469675,10.572003851424927
6.671826945904912,10.837437436435565
6.788001021995113,10.603805914065196
6.70842773402293,10.749225233430126
6.949719970146607,10.796436603161178
6.570665873554948,10.730791963600709
6.954625203935168,10.607206652670307
6.909448222573723,10.821299377615354
6.676703116111675,10.629944434644237
6.762491762559271,10.752759862004421
6.590949630918273,10.453287316541545
6.829933716006779,10.637871656418248
6.66689066223886,10.719767427945975
6.629600480343785,10.594087585701521
6.7012084726544385,10.591400389429342
6.717335910897793,10.370440774561724
6.920184779158573,10.44111821933033
6.817008657251117,10.845547309415952
6.908193629665014,10.716526914935475
6.792243542780028,11.05868652888177
6.779046186965045,10.714104509930642
6.696350080257149,10.452305116839918
6.8137582911457315,10.703437802668093
6.770148228413936,10.749317147576683
6.900639392942932,10.669095417353695
6.99303649330352,10.850975321137433
6.7166793267413345,10.59739850338079
6.732045271497733,10.578530186275312
6.607070870410382,10.42639349200104
6.7837169918476645,10.605600637290385
6.8233290960191395,10.60671866347171
6.749899521604549,10.717167622771365
6.706324532478743,10.474962132451482
6.792744481753245,10.590393930299463
6.777541347066613,10.753376143664276
6.820028038501633,10.548197722874907
6.647895354109999,10.618266262913009
6.990122038677796,10.266364077510977
6.974994564490764,10.74797679336768
6.663156096250514,10.721108504614083
6.9266812153410955,10.822871710144245
6.654991617079884,10.585338309770941
6.853010494040009,10.560616323877747
6.977678318639222,10.878461282918138
6.798149332542496,10.276764180030273
6.94074068622675,10.3904652976976
6.6875177976055875,10.591953347996846
6.862398004076257,10.745559277588344
6.604586071816361,10.594642489452239
6.835872900940267,10.700802300971162
6.694498217379884,10.638947741206763
6.763645940880163,10.880781595569111
6.669280233086022,10.604090456815673
6.796096901050839,10.790984527047614
6.7539733935937,10.741216389914968
6.648160905702517,10.710417406796818
6.706073094930868,10.709906486029961
6.64466181120614,10.749794794743703
6.9163586815455975,10.43370472920166
6.7676003519101435,10.97816478801666
6.850227869390241,10.72715420351112
6.97127809109532,10.798858160461831
6.624191635597611,10.534217738059086
6.872615465064886,10.724469396504134
6.837193873903555,10.743842601824177
6.890338694911503,10.49458166914192
6.752538451459155,10.83884595460728
6.813839130065838,10.49409823545494
6.868030224617252,10.681544568852317
6.588799508856923,10.704700603307701
6.874783752850986,10.70990983132001
6.84057905380059,10.749162001923027
6.733791336777411,10.432691558335335
6.752240687268603,10.605922603745345
6.628978527541594,10.339157534904427
6.772639368733141,10.847321540549494
6.691351969425157,10.460791915471626
6.869294834671678,10.700924201775958
6.755573472325012,10.758698238942825
6.870615805661014,10.678753369609446
6.697740927102006,10.627567466130312
6.960430843591321,10.5009590138053
6.693435943952417,10.471322064027957
7.066763483208126,10.953610073572916
6.758434180324079,10.304721845198488
6.692063597235092,10.607749118723241
6.742724690108102,10.614070313259138
6.767275698453059,10.61831593948168
6.6341552641622235,10.710807410687316
6.661928364758963,10.70340094298986
6.83979549892626,10.490420894001305
7.059056441660477,10.881842111588886
6.856505058268568,10.603052379830967
6.827807680877981,10.945140485520179
6.655281489135653,10.6170674045315
6.776601376748603,10.490578345325911
6.7926905408612,10.749051957490233
6.9327865932160835,10.573530916667014
6.792773646728214,10.727150847439681
6.933996289324446,10.642112297977508
6.924003628940982,10.613841089257742
6.897493762344952,10.470544540394389
6.655933847751019,10.57259029382737
6.726472635518972,10.74270398879917
6.8636045639096555,10.72616779133538
6.73599958718912,10.548231121052789
6.73752493219174,10.596634824264497
6.696009632686193,10.426854881055219
6.667347261094124,10.78718787429848
6.702679747144317,10.566828942157635
6.931043150010016,10.80008731178713
6.800888434947869,10.879282314524458
6.7387746982004835,10.550046080647723
6.840962159947542,10.59950075770813
6.729095987034904,10.429292287725715
6.908789915430523,10.695810097823623
6.838503181626221,10.843245786648513
6.596135174758253,10.596490385847677
6.6786948795138255,10.482844940973715
6.900542336882519,10.377206261814331
6.786707786058477,10.717206085627467
6.614083432565918,10.429155547412632
6.991869302905513,10.436023285270567
6.690237973748637,10.307011420487859
6.748213455356494,10.154105760391696
6.903906288721312,10.880020640303705
6.951605761172338,10.788434906362918
6.85063024842643,10.745622720106486
6.638800444799724,10.982056869883566
6.85453288539078,10.853104337567979
6.7611715525623595,10.845908827735578
6.786779321157792,10.746154174617871
6.637039381618931,10.887473748503155
6.800783632594003,10.491945092625166
6.680812260525207,10.886384570937743
6.737499005726428,10.462744939420807
7.04658740532668,10.59615194641286
6.6576605633051935,10.63770195186196
6.849703860946288,10.791150638199943
6.955987886417551,10.860607905422187
6.885135943233326,10.638424076649086
6.7331253185186055,10.475531513619623
6.802658176916493,10.62787241142868
6.645099771683554,10.809170865624806
7.0429457957238375,10.758273976829276
7.0001016576250725,10.582368670131544
6.577573192308494,10.759324416004977
6.741520729748498,10.571185679470263
6.953077425243956,10.559303512990702
6.993173924621823,10.752060199665916
6.9235958408712115,10.418250014790704
6.814635485183898,10.350282285143374
6.783036198379916,10.655263113131124
6.966820823908913,10.718372335820229
6.7040246031016855,10.743760577728521
6.89318026691213,10.537021423249259
6.853517884256702,10.4560017525089
6.82804711665741,10.205665854351322
6.921068602904376,10.602607100483485
6.8556470870289274,10.59022386020035
6.802039162821067,10.84548431220739
6.903944835675173,10.685729142334022
6.767511571364833,10.50375697985899
6.818145457461314,10.744904557249106
6.729314612334426,10.599983850982433
6.91953511518112,10.74946241231563
6.868417280046374,10.975684972912681
6.826303410062641,10.852056661491028
6.8621358725154336,10.590397201345446
6.7886075518663755,10.283296769623307
6.684723522747974,11.09218202500363
6.818653855682789,10.632568092068428
6.624872963039135,10.58536031012086
6.936633854842924,10.612195278307468
6.793419374824543,10.713259249293749
6.826436128209874,10.753296916588617
6.942294855070601,10.410058277751688
6.735525347904714,10.337282168615623
6.814188781637216,10.97779811108979
6.712479849961082,10.601770541779521
6.8504241746213115,10.43209283525322
6.910406861410166,10.591637198262823
6.641485039392731,10.416882227285003
6.955591831736568,10.601463907644753
6.921206445065621,10.418474676419798
7.086675290533591,10.84763688180789
6.809744358192696,10.595610602861544
6.852710633777521,10.793049634419056
6.853308766084339,10.795365703892118
6.852597435172758,10.792149471029363
6.76381939886239,10.81116355595345
6.78563296639181,10.719204395111062
6.74642117748776,10.881619169957352
6.680814036317914,10.876176990852354
6.6573884385176445,10.554151306272237
6.631462664137745,10.838842528284799
6.905454245356182,10.573754238007949
6.8752412248288035,10.976353249912503
6.9396829054635525,10.635068979322742
6.849170327842931,10.804390770273141
6.733302103721039,10.734799544665853
6.910105758444674,10.747700005671966
6.991635371385359,10.75085152491296
6.779138969775816,10.882710610528276
6.772825668572738,10.7492975821111
6.745385686595706,10.678325911087562
6.598024633789166,10.876197020926503
6.86004015758718,10.753381230971366
6.594891498847835,10.587680391640731
6.705551312246274,10.718203342420006
6.680866317173252,10.6078868527702
6.895166714550221,10.67157697509066
6.959738768953589,10.748010012372493
6.958219528211841,10.678093739512308
6.941070800081782,10.802483481209059
6.590207793863662,10.638248503536738
6.7585932615326865,10.676620051557913
6.853735729101484,10.853797612048401
6.79070288598125,10.35918070771592
6.791730180206597,10.707402234783023
6.923041194469954,10.646930670141286
6.785133670766272,10.851636615312913
6.6577202869487895,10.716185969714363
6.637517748699779,10.602740572837314
6.6631018460412035,10.914610341603963
6.881377333864113,10.262286587636309
6.911133804021966,10.979056121234569
6.922648857916211,10.717568164838577
6.8037341311399375,10.62787241142868
6.752006393772125,10.438312562727454
6.867318050926885,10.589741656117589
7.047177391901772,10.426772842664894
6.680904380281327,11.10159665558041
6.665876399752536,10.980312360778635
6.903912828977887,10.70750406356117
6.706843504770971,10.786468136882396
6.8065036645788135,10.750707048830847
6.781308525194019,10.608064562279164
6.6977657175769965,10.431266841771922
7.0071131168550735,10.638880277366884
6.740997856577759,10.702442945470516
6.703813001615703,10.559426361606038
6.791184494226208,10.891526444961558
6.990199351674294,10.984942197670465
6.814507194622472,10.842412941157015
7.04675909127467,10.45837770209386
6.792964225580779,10.460891430922064
6.638783357737957,10.636089021940156
6.815949576351693,10.685384316957764
6.843938316332582,10.741681449370638
6.85364710630496,10.43838727322661
6.640835385770099,10.66248348447906
6.695742538167278,10.730340923474866
6.856921946833736,10.480028878488136
6.852484041140715,10.789754488057893
6.806056573326782,10.594661495972641
6.852484041140712,10.604093736327993
6.756115309300385,10.633954713190196
6.9757929292786445,10.563836766321133
6.895253151678862,10.706668587902096
6.626900565321202,10.884809999476516
6.9003428632408985,10.98113017696051
6.987645657274131,10.630192345755493
6.977093755376066,10.799681373251278
6.796571876513432,10.78429477757323
6.90270784189691,10.802810550759284
6.7349845369147125,10.488562407466796
6.823156259452449,10.622100444424884
6.775049620857236,10.579744529284055
6.931704721899072,10.592762289081733
6.583897530646119,10.635545070382808
6.714246102256524,10.617685800737446
6.681083083110015,10.849560215860178
6.958315006974556,10.876197020926503
6.95668247522977,10.676964211673235
6.807757994380593,10.706282569916135
6.7654694937563855,10.792815744839016
6.430990861290845,10.835208033537524
6.849126922039013,10.891335651777226
6.847410890234186,10.738097517628354
6.962474757998791,10.634377216913427
6.803915100654288,10.715129317527579
6.861456745745851,10.617340716112619
6.874192296616237,10.632724467637962
6.853612216614602,10.569878240863789
6.829194875867039,10.639959511364198
6.796635490931836,10.846886076466136
6.8771120711192015,10.597123525565904
6.653460004251478,10.596631549364162
6.907986638142714,10.745559277588344
6.835749108262302,10.561871857511836
6.9222799541443205,10.401615413491594
6.792193479081799,10.605925884391016
6.79402496515045,10.712337575390752
6.744897501442966,10.639472767528705
6.798275560741335,10.874574161015289
6.848830544977019,10.434099476544102
6.802311129982406,10.583802544543168
6.861287972851249,10.478061381967015
6.794990150827569,10.71347928355101
6.768785144519358,10.553321860424592
6.842809199046167,10.945073145395195
6.823628374355526,10.800230550023185
6.803062171724522,10.232934200325401
6.784461190428738,10.775718666142835
6.810645513755753,10.400085106625228
6.88942135026655,10.596471372764766
6.690474426717002,10.88515078544343
6.752914052401425,10.604623567936729
6.812691348599327,10.63298077933845
6.705171019982461,10.754623893415665
6.822389915450251,10.837289784251386
6.862153370878892,10.60926546023426
6.782882110781611,10.559426109620443
6.893279983288827,10.879692331035464
6.659830633809761,10.431963230448543
6.876326527402367,10.489836783067073
6.747276920315921,10.40326772292202
6.898016644975353,10.46128075279934
6.885135943233326,10.127466905034156
6.918079633908056,10.713896532755125
6.834857146718862,10.952872712383556
7.0054007626574375,10.591735443663337
6.958781744371604,10.602122993375161
6.792223485072521,10.843822753020788
6.759157131889657,10.432762883212773
6.915862910470363,10.603851423350699
6.905359481206627,10.978650592426773
6.745999102204199,10.714653010622449
6.650141814415312,10.56236882138243
6.676223535816692,10.9806108875154
6.897143105544755,10.882892402965075
6.724808405304599,10.724788404344192
6.796641766349089,10.617212328244475
6.818041542228625,10.614674266746034
6.966603899311161,10.840754923757762
6.95814292099972,10.618725025325956
6.869408785756534,10.789403249655196
7.0653274322568675,10.622693673436961
6.8416190148245875,10.634860915300669
6.632812015954593,10.883728857487917
6.83619336395167,10.659031630189117
6.865623395510173,10.607020170602466
6.785623585396002,10.609127554655268
6.74310683671331,10.435588286245258
6.768895067986891,10.744828900548812
6.765365633830605,10.441697376695233
6.670632383614781,10.586549977378041
6.913801018768094,10.837759774784
6.8076182987959495,10.614027300288956
6.915529423825183,10.629771607862384
6.699188993260219,10.714797339973332
6.758660959305217,10.739665748140032
6.914668730701576,10.705318786217665
6.77813447362239,10.85388104555262
6.71246835021853,10.79132143442727
6.850257030720242,10.583692467040214
6.929522109621146,10.606406640813043
6.83186549428139,10.490927324010217
6.754881138347814,10.714239940571105
6.874086766614609,10.878788039082162
6.892116637431783,10.67035059227773
6.8540114335238576,10.64572099234526
6.878643775227707,10.643589995641678
6.9073190250631535,10.754939817322729
6.819575266249405,10.789763436851743
6.715180790688052,10.428097188803152
6.715188575895888,10.572256370973534
6.812784596899546,10.747020952765252
7.011400965443092,10.62285689111118
6.816253731982003,10.97779811108979
6.830829703477838,10.570417037112687
6.6559519303517325,10.590378210121997
6.821167035611793,10.428886001242727
7.00917627269652,10.732284351364244
6.993214948241521,10.531488110907203
6.799903001200421,10.59927148858585
6.689471133462927,10.978650592426773
6.693375025048549,10.841082663707459
6.9422223808784365,10.727748840405262
6.710573315640518,10.648754103043412
6.879154912483531,10.73132668858673
6.735821516834397,10.592427423872085
6.542378829647269,10.528729777445802
6.817288859496502,10.597444914065917
6.990317349335646,10.793546241082339
6.733645389095191,10.791801535358005
6.69552436104459,10.281285272232877
6.841129348955869,10.641627879445444
6.7700757063944605,10.811566867632827
6.764470039907123,10.495042103198545
6.7198074169763835,10.461130586975221
6.973548565646831,10.978910337718151
6.958919638961558,10.479407569717521
6.676520945300595,10.621170194372095
6.7762176339881695,10.787679652019076
6.749777061537271,10.477592189898541
6.845343338862719,10.425068040666316
6.654699591730067,10.548722207237303
6.79964630415794,10.631157250606938
6.707274322967883,10.142088594728916
6.9349571907824465,10.752726249431722
6.75175919148182,10.29802582242241
6.742498612552596,10.841501452527751