5.199114766316696,9.82379222751092
4.9111097366291965,9.94234582127665
5.254437925990651,10.204821543729361
5.298612317388301,10.38923192361823
4.968985433510872,10.454409625314106
5.260193150825424,10.204808950107674
5.1415688500278,10.500373078606911
5.135542778067637,10.415908774206603
4.992889490935239,10.328989762927117
5.1526401948221325,9.896607232667964
5.130632768678611,10.644217144816539
4.894046345640313,9.728256915418203
5.0368546816368704,9.866476949811807
5.193809217845109,10.119815932347635
5.055823644924336,10.425632356908455
5.01066753391912,10.5272236512038
5.063698633721093,9.934351160468065
5.116361500356951,10.208944913345281
4.943224116743442,10.10316029024312
5.057758369857517,10.105204914562789
4.96465412142285,10.32882094199099
4.997128183318531,10.239579093918943
5.362581806340759,9.957333473070856
5.103074048385172,10.386835749515448
5.112523380894465,10.065426414680086
5.149163226082414,10.426984459581327
4.801416675759116,10.300821235530059
4.924473211182463,9.78808856376388
4.889450069488553,10.315241980603284
5.212980475173774,10.298278618034773
5.175765242323695,10.09272572412544
5.018370353437158,10.154489818557245
5.273189258360838,10.568262062713858
4.997401457614663,10.129298829424796
5.136018648872826,10.077974698541409
5.06356230835062,9.899385463045297
4.975063522728223,10.037318492624639
5.185130502055714,10.102002861590071
5.250607278253594,10.178995674169151
5.017912106235808,10.320419599698461
4.943145034401306,10.400626059517142
5.067806512813465,10.21235158178646
4.959213742658963,10.26934430402418
5.003289731332509,10.289950890697735
5.096033785177432,9.872727626775259
5.510944004402865,10.314837663214082
5.061890588839687,10.348798918061862
5.026846937914172,10.06924291265208
5.094467794023767,10.152765281428263
4.971932759478393,9.737532674888266
5.055277225641392,10.65311071520969
5.174881283615942,10.087337997486795
4.960490903774798,10.0583406210493
5.158818272175715,10.737314945984929
5.153267613295638,10.025321081290434
5.364392979116393,10.447770454295005
5.180254303674974,9.88937022561477
5.063518408321778,9.774427335423571
5.128980488711556,10.280915123084316
5.230755111567737,9.842761856424962
5.078303907135461,10.436355932554255
5.21773078595169,10.092561713138666
5.032756599081871,10.171557199029966
5.205480859380453,10.212868650938304
4.850359234551598,9.889196601376371
5.2773519267470235,10.182191344918309
5.256737791848592,10.372287159562568
4.959349531275606,10.440501390060186
4.962892256744518,10.372001246463565
5.154076292939708,10.208562338359828
5.042808283548517,10.023646877364136
5.3487522140558195,10.299405922586008
5.137958353205767,10.302372868938598
5.013997395517523,9.973647134363512
5.185363593130152,10.299789569650368
5.1755385692544715,9.483018707940584
5.2127495569324465,10.071579991796968
5.258930743224322,10.027479930667605
5.174267256114455,10.24718325102788
4.851039984869133,10.167870104453204
5.113477208197163,10.29601056427771
4.908398362005274,10.472548214120224
5.155492726720106,10.280636280761088
5.173183371824928,10.044431991664814
5.167064661110329,10.303197735203655
4.897696229582751,10.208606324089219
5.222624201936932,10.20311138069686
5.1750353347909135,9.912263176232383
5.365268083448472,10.15557357988109
5.253466807477796,9.851784767823307
4.904375356755349,9.977225882958047
4.952388595444032,9.990557435571493
5.204201725110106,10.057452701576644
5.040143110941517,10.37581358299968
5.003447042468276,10.206037001635034
4.934010978045204,10.08275255113366
5.401069264029599,10.130100016741519
5.158400289157104,9.92513790559264
5.2389056463409345,10.400088952902225
4.788940941822905,10.550259488613714
5.213738706206346,10.43481247561769
5.183631780643175,9.896600084102888
5.029160748164369,10.144556751192185
5.1566935858308005,9.65073330657123
5.0518541844540295,10.58151989760218
5.060832857565441,9.79416332004982
5.09376832343158,9.823981335518024
5.220058703142241,10.00844901980221
5.046952654150789,10.49754459016222
4.981096333415148,10.81339567386604
5.108210806894599,10.051190158436277
5.308900349494688,10.07121728947588
5.018322814976842,10.421869773132986
5.194358256688883,9.940569041182743
5.323573532476774,10.359130951247854
5.1208072972268015,10.402925729255728
5.23294450730164,10.297245820071812
5.033443908454276,10.36749560024498
5.129248485235206,10.510423320854427
5.168481677174765,9.49968925921765
5.151900265498227,9.922688674873378
5.107034837336828,10.087995232869902
5.224725501969462,10.528230284667192
5.215604126964037,10.258031168019103
5.048578300959158,9.886476787427728
4.910728031468458,10.324963970838366
5.124706797606991,10.193845954559961
4.849521238785464,10.264473096949333
4.968514630007114,9.936129377183013
4.960887321075943,9.892940262680797
5.262092995993361,10.62228008616582
4.949395701189371,10.325968132956572
5.01894763167916,10.652735165151405
5.105059088705756,10.19137947996956
4.9909371232897755,10.335470283875864
5.277207118527262,10.091719323908702
5.184748524192057,10.377669477671514
5.444726389574057,9.874921723143423
4.92356135675428,10.447386200658144
5.166388000547122,9.601062030316672
5.221001997120105,10.483759706421063
5.04200514104082,10.146075239301005
5.154556064501824,10.134736784758777
5.32451142400432,9.818790461840468
4.95554369612227,9.86995273975116
5.026860323640814,10.400762052728378
5.055513062935726,10.237585552149786
5.263515299750222,10.111693861787563
4.999744649654267,10.31202037396407
5.0959110524060245,9.92400055653879
5.059783038007628,10.0237856115592
4.818803214393522,9.931157216051927
5.319970472816627,10.413524633888926
5.087611235282328,10.499953390195117
5.17275796747389,9.721940707621357
4.864349374401232,10.397408869128391
5.084564193728207,10.206159095566381
5.130889782393943,10.057151871412795
5.162824998795812,9.83536570832614
4.929079270347399,10.301796152705233
5.261351818501606,10.388067648071273
5.0996885200638395,9.574953609728848
5.5244319874378185,10.18359746128751
5.291907408913985,10.312152056400077
5.124255608693884,9.999849875681337
5.152831497286614,9.762723523035367
4.870189246228647,10.166505126250215
5.0355881384644965,10.432703849635217
4.93971716663798,9.722167679065308
5.092413481249796,10.08509422702445
5.381687079674931,9.899524064695868
5.227561923230531,10.240314021807974
5.068019376202731,10.105367414517575
5.160983374731966,10.493844500336987
5.3565814086256305,9.762084250950776
4.870319546565303,9.945131950398242
5.381257341203944,10.158530760641465
5.301671777486679,10.100607301045471
5.279118848345247,10.076334036573128
5.180069681342639,9.758219308769645
5.17927476395312,10.110095491995217
5.15750461104772,10.049554520267712
4.998344600826306,10.220061495528679
4.951659418815724,10.75094116656444
5.052768984652503,9.964244844343144
5.052823126939117,10.150946928615001
5.100482278564643,10.234457001258104
5.272795103025813,10.057552553261598
4.949735218081508,9.389904758498204
5.304792969505395,10.008609796325695
5.179918750006354,9.769411215436124
5.057185150009379,9.69113951961847
5.047651521676125,10.056443444232723
5.1005541578384435,10.148898937197744
5.021373771634847,9.532769714594787
5.055241375598755,10.319781481786118
5.270073567715103,9.52873588559924
5.2948338175005585,10.04996308467813
5.072443909772917,10.142367565958294
5.003435390694644,10.01305547108371
5.139090257855533,10.158153456330757
5.175768925343837,10.193583642837707
4.954759750396764,10.119556272522765
5.089847617856745,10.174343279304026
4.897952717822944,10.007441663182473
5.152665694709772,9.977687648530619
5.267850083148201,10.412924370339786
4.9620688645196385,10.119549014527118
5.28256299124697,10.109783100020532
5.137350671537196,10.073646733174337
5.048490043167663,10.284023090092928
5.121914603576416,9.955082649901007
4.912224301161992,9.916994384903038
5.041748930267641,9.935749923156285
5.002400712540494,10.44948754484446
5.055103933901566,9.967712891616996
5.163734045884296,10.51481799466851
5.214366320678163,10.177323661701102
5.294464216323574,10.25127208971523
5.0134502799191365,10.111279679937713
4.984120754638835,9.939145901824375
5.2054749065530554,10.187879888246165
4.919399060497612,9.644772430521574
5.062023068319422,10.236336530960926
5.009946972510691,10.466889299233088
5.296769725738541,10.159118264969422
4.844172221642019,10.104394967513565
5.224568745898748,10.163777132980664
4.902416146122257,9.907981248765921
5.070080196234027,10.010581441468641
5.05810661271707,10.058468984582937
5.07636298390883,10.29842138102674
4.882227338698065,10.06800651972969
5.282844660905769,10.33466045057402
5.269912541627928,10.580469252506328
5.203846152317471,10.225283816499346
5.252814356529929,10.357727682364986
5.068046360263049,10.133736528770687
5.417026828127452,10.121207101885307
5.058858566554394,9.793478134328923
5.014859086876027,9.955378813738843
5.028640832845582,10.172341525424024
5.197046801846593,9.686355581259681
5.23269289157501,10.531064031018365
5.093362754265851,10.195570810724195
5.285875794599757,10.49509179625934
5.225205402830031,10.46697872291239
5.159027882857214,9.947753462914283
5.175977020755958,10.465482965965677
5.098520205207635,9.552488207959145
5.236507578233093,10.277428723679607
5.043645893523754,10.127650505128067
4.861026774087697,10.140183295014797
5.079455768793269,10.04964192393281
5.035827507069706,9.659427474505922
4.91727333202113,10.148461381227108
5.0607070711916275,10.161343366720406
5.313893918345744,10.13129234730248
5.202399982345531,10.50292152866064
5.179434311832565,10.293333152522528
4.977076540111552,9.873997181008225
5.206240873131296,10.21743111210441
5.082295172142325,10.039300879055505
5.1003455606521335,10.347215259115062
4.805557300218731,10.039633284871783
5.206443171946891,10.212224638327404
5.07645703572575,9.945846112316737
5.274135412329102,10.35994787250624
5.175277704360212,10.81635078065945
4.994509661413187,10.420552490012717
5.238655006792643,9.831586477111093
5.2233741647792655,10.549143133580488
5.120373505323155,9.65414643143818
4.981547764948067,10.386448190962154
5.061185445266092,10.231130702012006
4.996370716717317,10.249409023616359
5.114950289297407,10.11753514998134
5.078216382825443,9.852661810483637
5.094490029075228,10.097102265387553
5.033790470432253,10.112843973607516
5.428516190958182,10.443663810972126
5.053561434910089,10.03479678822707
5.126838744806271,9.809409174795546
5.358823576865208,10.11200865688383
5.201581630371664,9.869076872514064
5.2758203873661,10.164596612552018
5.044642837357791,10.257580664775185
5.049954616324737,9.966984969307727
5.090674506524618,10.099809307957795
5.410672171681194,9.957139668694369
5.107784013860321,9.36510647436816
5.219514433531223,10.271059306681783
5.172751701165774,10.363518383636396
5.366127162672074,10.133884634711974
4.696777855534655,10.18545063818736
5.306312585601991,10.159849301766664
5.108286025765739,9.78566858924969
5.024364580871718,9.977374903944632
5.152828543217087,9.904269870783205
5.007469978505479,10.211912804054531
4.877463235982087,10.215126996804587
4.930247959437434,10.142646666904515
4.9894821715949575,10.186380345774598
5.07676975109347,10.227594992736606
5.105708536231334,9.779616040130092
4.978641290843754,9.886509501361944
5.030530608452642,10.224505068673261
5.01913866952767,9.972566482556122
4.9998367693579135,10.229779593809312
5.241286889392861,9.662138334527228
5.094512400302158,10.334754848585515
4.962326559311649,10.480494568747824
5.351670571112824,10.511542662569651
5.1955125613281155,9.929438665732734
5.0675528847732245,10.04129454668889
5.056733472226998,10.415855823113118
5.284619621389143,10.376510938504234
5.168166950850278,9.987925958232816
5.318602741330782,10.534018324161947
4.927590583517643,10.098888584709835
4.958835255605518,10.012828355139412
5.029340278866477,10.305372092687394
5.295797440383406,10.464631158395619
5.116803319085363,9.953352254196703
5.126409185896492,10.469767740505961
4.9986898789791265,10.284059595985454
5.103991721200724,9.635824336260745
5.220400643208727,9.91720302272011
4.989018525969946,10.043569063129754
5.3486336002267985,10.542384096741788
5.169434065588283,10.173699183861068
5.258417484212169,9.942070435940376
5.153576969235566,10.297252682440302
5.195667266886123,10.277542917193168
4.987171486293703,9.921117458018598
5.173219057446612,10.416778523138804
5.14434494028289,9.977738185879618
5.273739587894969,10.11352719591159
5.296468213740705,10.268624294872206
5.25148760347942,10.076499116467021
4.923654204668551,10.334253062957682
4.944278798126107,9.936850220036657
5.024734027304863,9.99041118853449
5.269261740151606,10.454046466994212
5.084630726901181,9.60817213651203
4.9287911235103286,10.088375156664704
5.250668544348337,10.068501085856278
5.376934463676028,10.386456086174963
5.249215949181045,9.805623375804252
5.023880170078259,9.975195989345641
5.150924534548285,10.25029995684291
5.091156523192524,10.556447931622431
5.215694182973044,10.406027236939988
4.992045733743636,9.81549538880081
5.080151455907223,9.892841097644759
5.096093113642676,10.461975723414989
5.283628802273358,9.848163992134726
5.035610705984686,10.302628081084103
5.2873988204649285,10.109102766684861
5.35822317593521,10.353787171596956
5.131238086841352,9.898492448613277
5.229211024492488,10.34238161286466
5.0752683350976255,10.10934270699259
5.241648593344154,10.213542559347458
5.101743782599029,10.071689684820194
5.129928184306027,10.332711048920848
5.067270153982024,9.895149743568059
5.070112335475645,10.00060563092956
5.074652283889511,10.045817808529142
5.1130426677245735,10.676542138688655
4.978947122518332,10.21358522047052
5.286503033875534,10.11645062627723
5.194941996749606,10.372702187994914
5.134965077407713,10.225632421421938
5.230088875099366,10.35149238555553
4.905253745632231,10.454950848561554
5.012542085673552,10.362656642040312
5.03953660467731,10.100261656946795
5.058828690139983,9.920753109041133
5.0794977936150625,10.43942965281329
5.308580753862945,10.033490083954302
5.105814729085759,10.410418983101975
5.205448408202363,9.667413422541715
4.992760777515421,10.345365357326004
4.949320720564347,9.945776268115006
5.21440638993085,10.008184431882064
5.150028100211833,9.708557647168437
5.194814933065689,10.151645241234782
4.9625785077817115,10.175013307965758
5.235459720705676,10.403798029451076
4.963697428792704,10.31546802133926
5.20445002492044,10.13869483971885
4.914079542280987,10.339082641867083
5.266871765406383,9.79604015711656
5.123361700695855,10.149532646257606
5.216192227113965,9.908259853799827
5.134777007801521,10.212166812391446
5.138083045003083,9.90755468518575
5.252629710225515,9.916533210115281
5.374764772655679,10.804528123966804
5.133306775019445,10.439799660013604
5.138653070987422,10.561689546498107
5.309973161705675,10.541614543591047
5.073204550157046,10.222786563473749
5.1091865896008075,10.082935497029009
5.010936371436855,9.924521035481481
5.277351170118526,10.297995111066726
5.039763649188588,10.25827301296338
5.02610263684395,9.938307946826294
5.157271591993344,10.369780149680349
5.172380964260307,10.090991065764255
5.045520799398222,9.956880516380915
5.014649287842619,9.92079901432583
4.905425470682298,10.235799622811937
5.241114860580978,10.059115788271818
4.9317916238762995,10.177150418031031
5.112649100865135,10.14437147282449
4.946666463811681,10.163734156081134
5.126565205980709,10.429447138552966
5.26891533585996,9.768234619595548
4.8735952624550025,10.132379126870193
5.04959975221778,10.108957466937175
5.10657338986443,10.274457093335931
5.013828507067458,10.36545002327043
5.037360207343176,10.29251014730803
5.135942004765485,10.181801502586021
4.997544166338594,9.91526955712641
5.007956308462399,10.213194180476185
4.938842252102177,10.395580210471705
5.064205572681737,10.278348298259958
5.121281655103394,10.197133022066502
4.908854413737427,10.324761702385942
5.017652470762651,10.472888414250027
4.975351836904338,10.023557952060433
5.163140193174698,9.793467765271643
4.971887458221118,9.657547171414787
5.181325201892773,9.99822228151537
5.051706297654272,10.114920204547333
5.211054976394601,10.08393048256459
5.067645729888128,10.107163909085102
5.242181981190128,10.078400262935334
4.9000624379334194,10.18512438229585
5.3117223751965765,10.155466843064774
5.141767974953668,10.099994869023991
4.9583172219781275,10.446774511737045
5.137750774751359,10.060005543502616
5.097140386661633,10.154342339639545
5.431956381616437,10.022546658018374
4.915791838288648,10.150856010719963
5.096339099005164,10.195001701722335
5.109324064009087,10.227359582715703
5.240418374352259,10.453182398107787
5.114511561111681,10.366772661821567
4.932046837194064,10.119201349514483
5.155046312198452,9.528210786565873
5.128326593858195,10.229301759456629
5.246430073079739,10.24718325102788
5.07378484247302,10.195646871609254
5.060194270319026,9.969529459842278
5.079178278467573,10.150558027927909
5.012032484881803,10.263279845621717
5.078436423093417,10.191197228456494
5.032021664224023,9.9818606779149
5.012936851525811,9.86529671900933
5.08485263402717,10.082456991949035
4.995155879336427,10.028255347415875
5.036775010863238,10.283642011624739
4.933399312783467,10.234526529844228
5.032903331710609,9.75689767681047
5.180692336800732,10.403870384885064
5.138186939015132,10.250640851214749
5.177542347943863,10.559967100723382
5.196640704428189,9.741118203037438
5.140954774932215,9.866343623373309
5.306420813106889,9.785459179423798
4.967734271671718,10.392231335773635
5.023037131453169,10.323383938972711
5.252658760053694,10.19490571920911
5.066869044993001,10.040374695118004
5.042333065178541,10.136924300610158
5.037307000164207,10.012732716033936
5.009685453425822,10.223414291302092
4.935625005462424,10.401048866019778
5.137770324114469,10.425120589184173
5.263220105714841,10.21327663499011
5.101286763279991,10.434523320237872
5.1787376215663325,10.18630635063402
5.025888150007564,10.349586710933234
5.1429392073150835,10.27420381246985
5.0581951825794915,10.015316524066854
5.089298733674912,10.38381164837347
5.018814906972262,10.685212584034646
5.07704128110202,10.161887692399015
5.068415353464684,10.377715340382911
5.0229642811561375,9.799203569592152
4.9326228251349775,10.532166047440352
5.080255733886055,9.896782276124343
5.045611569959533,10.267714192299719
5.094651527420211,10.02437746822693
5.070300993586486,10.239534776690185
5.315641877464609,10.413917726453313
5.26774054321985,10.405786882525852
5.144924871885957,9.819203383735584
4.9944937967183884,10.179155127955458
5.130479410305608,9.998633519764267
5.139333123360107,10.160520040881662
5.193021057950741,10.280677607375702
5.120077690266156,9.935424019604284
5.137872820638522,10.15666454448558
5.262239327223795,9.787027568273215
5.14475453483342,9.919980988414029
5.126251750084249,10.200722924905866
5.125200220060081,10.415636267189827
5.245422162376104,9.811756391947133
5.1197289100890515,10.200752528727953
5.231932571028585,10.434419341558108
4.855408246230629,10.233239333935634
5.318911680155446,10.347581787029576
5.086413197761691,9.878943045796314
4.874550343467325,10.595878585624815
5.307465680496696,10.202436514739198
5.004330841707164,10.316143462696541
4.962047447974109,10.447333456974015
5.269751012343793,10.084299021349869
5.255230125737705,10.19246147809741
5.221704806030875,10.459278692219959
5.1783565383780585,10.094190151768663
5.22946239351843,10.08333818049521
5.301266204263378,10.136891483880135
4.890323879504299,9.952361868742969
4.900252801271712,9.83516271567114
4.916636379440188,9.753083797972499
4.94759931489462,10.717324916284785
4.979636645807861,10.259363355518879
5.035428633207877,10.211372156804458
5.413425419785837,10.232629474024504
5.1015500573848,10.259233376664719
5.111656973452654,10.047735604695976
5.109414698958929,10.490005168003453
5.084552346927052,10.00195146955301
5.0190759579624284,10.537416748516808
4.8206885372193184,10.232887451699026
5.230094964264576,10.05643885311502
5.073002541481228,10.006001099080605
5.076786141245798,10.461088086501773
5.18579581373886,10.020466389183145
5.093823581188008,10.09460459169831
4.9724879937976,10.400241778690333
5.2638731816059225,9.810185122225306
5.017939953032772,9.805340425000217
5.016334555092094,10.316646031968915
5.068241110101702,10.218461000377724
4.927696275449901,9.844586398509595
5.11030652591482,9.957053235702542
5.054899619408801,10.268037128466021
5.021044429135303,10.378230702285522
5.032972179304669,10.281399776041669
5.116703305867198,10.474708126885366
5.430030452460411,10.613137758836576
5.196325311979992,10.292424625128184
5.187090885472493,10.147562637626091
5.276009165622893,9.958540878861694
5.188953037062482,10.130878026697472
5.1234306657779864,10.379466772784303
5.168127029400881,9.928478692655892
5.230735522790741,10.654564729046673
5.204240910687967,10.22172135386991
5.090874767155217,10.252523518594513
5.249361202903358,9.91563169435696
5.162079323189496,10.069515869404002
5.421827797633859,10.049697904960123
5.139160033251485,10.15289815455981
4.944971876863857,10.397598322125088
5.2586120287493126,10.075545657220566
4.915582061607757,9.953329835641082
5.282243392928817,10.293467719506872
5.052928671012644,10.048389764505222
4.996035175702783,9.924115244711059
4.939001080648816,10.213185444787028
5.227949900650641,9.764173104523321
5.030077639662583,10.042016880620123
5.277779301693673,10.120248468150292
5.198038266753276,10.461771778187813
5.017575678917168,10.203249649186393
5.157486280429483,10.175268027762781
4.9205476749177635,10.242947858257958
5.108614804166197,10.174596283882003
4.981196244644765,10.430571787485103
5.178085428019845,10.33539471133058
5.081813048871318,10.170974444322859
5.0001932924671815,10.175567078422567
5.216093736151742,10.030642324891136
5.021647334463153,9.88865611292755
5.166026532770384,10.200628664471202
4.8649481803126635,10.204651038612376
5.201435067196026,10.266934266350367
5.184566676117179,10.370414970701505
5.413059187404347,10.10080602791346
5.115515772555536,10.131163270199636
5.255673626802241,10.002795593638112
5.204491772619473,9.799215369648005
5.152668651757688,9.998848996157482
4.9906526330129575,10.220421267506941
4.9189541182187835,9.852664254469309
5.084599558693289,10.027491156006818
5.046021117530869,10.034159834064221
4.869049385448866,10.105491349559886
5.134279664412104,9.931069041982518
4.899237698413816,10.433431081184965
5.219138767747832,10.116688954500873
5.34537500340415,10.099071394807691
5.093496654491737,10.26077609227982
5.052616127443073,10.010326368425964
4.935488700657945,10.119549588048677
5.206949626542851,10.601014434202
5.445350130484477,10.354863779221283
5.002584236427569,10.222564664481855
5.114133059780836,10.386775771978108
5.175827558193785,9.964261400627544
5.031995645242033,10.359936685129027
5.265228056294906,9.818059260644466
5.2628781012464225,10.038096403210895
5.115647189491889,9.869582970849907
5.110371217731156,10.14472987079233
4.9540464534781865,10.00548990086635
5.019515376305587,10.265349865842687
5.161347228106914,10.536668668501358
5.319006369253455,10.351117353671091
4.946237733197287,9.83209289801375
4.9654025190891735,9.899888229201263
5.075198406347157,10.269403809001272
5.270325546946124,10.283332056456501
5.183365848757364,10.06182752457814
5.248582229374812,9.999993273948425
4.996981546284823,10.038027232874269
5.110263363290982,9.790828188812027
5.125613121091875,10.308702939432415
5.071638197497206,9.757271645014939
4.9391357290585844,10.244943305214077
4.929563295561006,10.109000434982987
4.991562683634936,10.060574205331164
5.063462871212079,9.814999138196793
5.183644101277431,10.013729281033191
5.110799795978692,10.188980896786953
5.1551688267788025,10.53129134222962
4.767881454932415,9.96545058158576
5.320022333829966,9.877524529357965
5.226017691598289,10.220264151349317
5.157879278145138,9.943641876831963
4.909661360609433,9.888092667127552
5.16811492098039,10.177580630768103
5.09670581497134,9.58711396691985
5.125304675910419,10.169650809460114
4.8504678277071855,10.37949387432689
5.209985797830833,10.205403097903558
5.105102695297982,10.46091909887761
5.01258498843752,10.018258531258704
5.161745597453388,10.12620227337123
5.082547602330384,9.70972164395909
5.088511344313266,10.220369076925435
5.192606410326664,10.452248940649389
5.104380969575401,9.990281466725644
4.808603336736955,10.138901800968078
5.336938118029052,9.823199917509958
5.316344363577152,10.024073483025667
5.105731344066381,9.799705128989615
4.981907868652088,9.851280748996697
4.976007453965414,10.238339038613022
5.044353155060013,9.948430543655823
5.061989222734055,9.918729546847107
5.119690914956446,10.00844901980221
5.368596379860416,10.353797346735325
5.247163302890674,10.5156372071488
5.202276080779059,10.217334456508278
5.074710409184355,10.020770905578425
4.985332652152607,9.992456340282834
5.099684220212176,10.26339501526818
5.268897431957234,10.060603674083147
5.037017241301573,10.257526178913034
5.125936193595441,9.874417724210572
4.9323274696342985,10.196415091013737
5.130505768824877,10.193223221002945
5.1255858592109025,10.013843091467546
5.032883270153479,10.297906686229561
4.991645863231878,10.049357793059096
5.257316835967721,10.01644937322299
5.084139077189981,10.079376096602825
4.973553067401082,10.066654621204398
5.006233219843969,10.259583302336303
5.136587896012438,10.51433550251306
5.2440465639283484,9.73822784571335
4.8213933075131985,10.134851773365607
5.077912996501869,10.734735365378727
5.258222014251856,10.172878328551558
5.126731079856038,10.09040301894484
5.193627229550549,10.129862003473756
5.268018118064987,9.786125251369764
5.325182086421231,9.99197342266342
5.329160285055379,10.275488037573606
5.162535405416659,10.491899650990655
5.194490356415737,10.043484355251406
5.085317561067716,9.926812791632548
5.103133393407824,10.414047204538539
5.4074605385488415,10.02170670043205
5.078491709514489,10.113595073350316
5.108019776115798,10.211799012693977
5.10551542672332,9.909427550187745
4.926733085285555,9.749029038890466
4.971653930174152,10.143203725555624
5.032433340545387,9.989808736491982
5.197447392772744,10.849708017565217
4.90440172253076,10.444918674801729
5.070425613947549,10.273448946089431
5.103351197176779,10.071638106623325
4.771730736381309,9.898834334345871
4.9665821522970495,10.499138166535877
5.0350395797556295,10.080013138528951
5.334209737679153,9.589148009577277
5.290409154395749,10.118898788702113
5.061744555003304,10.125460619726965
5.197752300098996,10.011876988486758
5.063796051716151,10.540773516163195
5.216658619026644,10.5572664593565
5.200789673838986,10.16907391484649
5.045075595264824,9.52530699532014
5.237181605483286,10.197973078043901
5.185072649046342,10.33193299461122
5.15150951179294,10.050414361396378
5.098528664420931,9.53008061999776
4.900225858545153,10.06698263742734
5.155491882112296,10.084292617832343
5.016245790355101,10.741303806510414
5.179174424803468,10.082536879951824
5.2078032268051695,10.431814871048035
5.203311283853747,10.007615681673034
5.133092048739677,9.784431897701355
4.9744967604984005,10.055957833084307
5.110066295759526,10.204239298568952
4.988688351873495,10.118971824418706
5.2297776390217825,10.19922190096535
5.064155839919347,9.91230342545635
4.811100740310276,9.812605861488237
4.947162009315382,10.314131726294836
5.053994876951166,10.167884625636722
5.141275505841124,9.805201766618563
5.262185903825491,10.126361133525927
5.212384657009132,10.18199848067928
5.0457731031475594,10.552499218768112
5.07659848971176,10.631358346543871
5.1237966193991475,10.062113227071144
5.021043495100381,10.640817129683986
5.107940870230243,10.30288965968212
4.951247098454601,9.616852152725718
4.985270640002477,10.249795626102868
5.193291464006472,10.110293738859154
4.974454634889047,10.184485217614617
5.096942825038014,9.873660335578958
4.795198651955512,10.227493949329848
5.235549073299924,10.128612646508554
5.165281546936468,9.964608137564394
5.129134402298109,10.402968947692381
5.023638954277661,9.897190817711238
5.304505614831764,10.040524566236193
5.038988683410952,10.262739136794218
4.977361428981884,10.254448204005662
5.063785390498756,10.052454858998557
5.129175058846966,9.87251672961449
5.187196769646342,10.38792879806793
5.226864039107763,9.875552428343699
5.2598924677517935,10.305106348871984
5.2506319984594105,10.162282684819955
5.457924210217269,9.819098723295264
4.95947996862008,9.917516668462591
4.938591016353162,10.118464755345775
5.2333959542043935,10.249389966012021
5.0208163052162815,9.961721039044733
5.041298507404198,10.305404416199977
5.344537744788348,10.268239154914676
4.9937711825448305,10.519419378778668
5.300687655868313,9.966029682161091
5.110743617862585,9.803341093061848
5.207987383480738,9.749664261892434
5.035060043750453,10.238584770621214
5.031885027254761,10.572044848439672
4.971689195993354,10.026128053828549
5.002004570492271,10.317440529954803
5.250687579135467,10.225490225155237
5.267868811817253,10.145129467205273
5.010602459026176,10.604820574670903
5.080553223782646,10.5674796946348
5.2612858140556105,9.906110820970957
4.861812898862868,10.190045178631145
5.148588389654943,10.379101700800316
4.988559754807988,10.151912623550402
5.273947285179043,10.01848783625049
5.278909781722778,10.237694074239387
5.033876696060569,9.934848265864785
5.072252710134288,10.30193879244325
5.0653887597121185,9.875518252201427
5.0412881760936115,10.281121380527969
5.189094971536721,10.592243747402156
5.238868428757418,9.948903997923976
4.995682365549509,10.090640492723415
5.026980817953533,10.428201303792324
5.298228369165734,10.197989012145147
4.942360524205395,10.15427176283626
5.387268686099779,9.844747927278375
5.255349430101854,9.747567033002712
5.006992201591092,10.058471238258191
5.047017338133622,10.157300911038867
5.05131137265996,10.237379949252077
5.231798961771965,10.12436695345088
5.039318601939528,10.393609007341237
5.116792694347701,10.2589090128726
4.98917528880352,10.309322298213564
5.144586810681785,10.733272708831052
5.239291622573169,10.462803408625952
5.207911215735791,10.248759261809083
4.858040334361043,10.083685972572065
5.012571529063473,10.324482138896832
5.149199573453869,10.052708028723734
5.116281952158896,10.16993790401075
5.249934916340277,10.742160389583262
5.130260534675999,10.130851445851572
5.072908471408258,10.12136953600761
5.053095954353405,10.14934749600116
4.950089902662349,10.538156501655758
5.05478756005754,10.03730128690231
5.3118125278454515,10.401878141430753
5.159195382585644,10.07530580439036
5.005908438626054,9.993001797967084
5.232016920994809,10.352982874808447
4.852114279972213,9.509969872951771
5.164138526292207,10.258789514616547
5.034704817749987,9.7671704467814
4.965087542019349,9.668878560873964
4.875302542922188,10.176973116218756
4.978622000186985,10.357545663025814
5.074850792476329,10.29675630574488
4.968338790392124,9.690531605401015
4.989046695437667,10.303363971372407
5.187905614275259,10.19325817415122
5.050161900063458,10.374352378696098
5.112782106040168,10.404780782036283
5.067065397912278,9.973627276916945
5.131002982379339,9.988802689782824
5.006518363066856,10.421892450586284
5.242208979846338,10.001990925999479
5.0387904142824995,10.263620992250726
5.245490327989715,9.915268888223396
5.079218632310556,10.535410410197986
5.268927953570555,10.048865880833542
5.0024106377969515,10.047627608978516
5.257062769819413,10.550885628360138
5.139928647100984,10.303659585954287
5.3611438460393215,10.326481039275759
4.944507137155232,9.728080709093362
5.161417303075138,10.199616630851425
5.305795676865712,9.69404026584703
4.912212585454814,10.29559667682915
5.293415017735147,9.998497481687872
4.986548234870722,10.26314947866006
5.100534767823053,10.282664027626375
5.331465804332806,10.464241299452116
5.1626852147317175,10.235758584913334
4.953958587088693,10.39492388959968
5.039940358590946,9.755351647573367
5.056115388627008,10.116272029408263
5.0922704690430045,10.45131209110649
5.144709894073852,10.216429537307214
5.060693183941934,10.405272074911537
5.072215645025545,9.913067620441026
5.079185412770944,9.92751432399481
5.078411018005173,10.214896409458245
5.036300223631805,9.86508290753707
4.914163699928605,9.924870015156838
4.995979175665595,10.24004159362972
5.153353115942029,10.387641250367484
5.010058593375093,9.789998567140684
4.897817554824598,9.836406633939188
5.069374595085716,9.97766210351074
5.136456910954184,10.375101448783374
5.058297336087088,10.196830109405818
4.8298471977646145,9.899185402292739
4.901365025072465,10.382793219233827
4.918502998197865,10.419503844252315
5.179893438229387,10.452698126075859
5.0830367906427885,10.277353944211926
5.0658229643586665,9.806417821959096
4.939579178180109,9.932397957874581
5.100172407477948,10.382037847085329
4.953501717141216,9.641394313414958
5.044751035545478,10.108393963515216
5.0779451864578,9.99187800617931
5.14063520507896,10.173327143661904
4.84190940593149,10.344504768338131
5.272225927233819,10.178946295621527
4.869936665069131,10.67404272439497
5.036869439372105,9.809026780092864
5.047825581684602,10.13701950866538
5.187836828993899,10.248883142537405
4.920568606064947,10.342441559430762
5.1437273508326795,9.78140726138675
5.150353035564683,10.417737320509044
5.012001215772571,10.405211105275297
5.16564455274061,9.870554431629461
5.1145819095861285,9.887142558041498
5.214962688912921,10.088548732068475
5.082109822180881,10.144380511701248
5.06987791508241,10.063836291986672
5.1646597005821,10.216903585614725
4.961121689678683,10.060976425606142
5.312366375898354,10.229358641998022
5.05252521261311,10.050152314385315
5.119245786176714,10.459679634902358
5.2273946827921485,10.022618432644876
5.1660555230787635,10.155651979965644
4.940015917011517,9.918428893292727
4.933440155345264,10.33370101660247
5.296021002375848,10.276007162180447
5.177476241849118,10.045414698749779
5.0611521185914485,10.231491351642937
4.948197075621297,10.119697975610897
5.220464615192286,10.02886923816163
5.106422410350575,9.83761121570785
5.011092581208725,10.334313387957986
4.897855789848854,10.193177577709013
4.991461166933459,10.23622741061619
5.3097436586568225,10.466773379711842
4.797170500472644,10.30782473173248
5.058213732883743,10.410395810616555
4.843982743961464,10.433528110964575
5.113510982449199,10.013921584911717
5.349967625005275,10.328756442430945
4.995578843858529,10.131571260722508
5.012004349629209,9.591582456777813
5.042847655840504,10.006326842491747
5.157202215878209,10.01992108674974
4.899780657349004,9.970908568182416
5.00961086847389,10.26201104006971
5.133501570449563,10.334467974339326
4.946585978441982,9.702168079487683
4.9621520316931615,10.263503248657793
5.099169282058267,10.07855830979296
5.267549929096216,9.921866476167533
5.203889173025028,10.232443506340024
5.289903028969609,10.457543179685802
5.128173526212574,10.148105123292174
5.126993247213376,9.66294590249722
5.0819989347100805,10.415542141336514
5.0049341696035565,10.419792040278672
5.169277921380912,10.248355209700632
5.069048599219932,10.162768628168624
5.105593368875848,10.16565493389574
5.1418169620271446,9.908733360135725
5.238361267312398,9.698692091914692
5.188619562986946,9.849180243319593
5.081321764493757,10.047245341466706
5.136405539458633,9.980320754033523
5.1287872249934185,10.161386031872446
5.36300547207619,9.877696744215994
5.171000562076405,10.5847233220972
4.936802618933924,9.906598710895407
5.248883262471822,10.464034971291516
5.169869070879156,10.1454539835614
4.963763310492563,10.28585862869888
5.035193951686036,10.03959794848641
5.051491378872855,10.401062093075796
5.0492616139285085,10.36517343783109
5.247266483668729,10.553456501998543
4.956459134278603,9.787219705620574
5.145927364174432,10.23825758746377
4.934219033911627,10.022656416571426
5.342234919010252,10.006567663366592
5.189408249314715,10.28956365279256
5.315739394821263,10.11063214902574
5.265187212236818,9.749330040409669
4.8447876080053245,9.867782002019188
4.965865387270094,10.086271478340297
5.111443275434229,10.092342675138285
4.895137285983321,10.435414583222741
5.216138604966097,9.898873854174688
5.09409730911534,10.239891282585885
5.116157811298469,10.237574900031134
5.050306063592169,10.339764778793157
5.024633313395644,10.17128659339477
5.020981017482742,9.925826061764685
5.135239887714394,10.139128641955265
5.0614896908802685,10.670210484296112
4.9408380064445545,10.003775844754559
4.991828612083185,9.978471150071204
5.0176582078684975,9.94261166639485
4.973520329858016,10.305368806534053
5.114708960724021,10.215012152531754
5.128068433772464,10.092737785606241
5.2147266014667215,10.18231667471937
5.203104808806765,10.06203724370359
5.048124897388808,10.030311903263962
5.15680843625417,9.89453714271754
5.055276046385211,10.352453445186153