4.917755519943522,10.399133876112145
4.600838959032124,10.09321830567105
4.742110392186719,10.090779266813994
4.828275493929874,10.385884040439027
4.991272265823033,10.549354055264061
5.043924094951694,10.484126356307621
4.750367327044862,10.471126230903565
4.953888123429665,10.427891638702647
4.964262657249545,10.159399584635128
5.125012391440945,10.832584429295652
4.856802192540689,10.407996720684558
4.881216990772358,9.967829697774112
4.755551590567348,10.249292341535481
5.032007549425617,10.744925145034754
4.836798715934506,10.284296130900524
5.0631140231411305,10.084333810485983
4.827843509832992,10.153805309080829
4.680947199652994,10.601223817743469
4.7686829933349255,10.064482137515819
4.8203373840571455,10.703707676724733
4.66657075142594,10.505171875275341
4.795069525365695,10.828337717184928
4.937537040902831,10.64486148958808
4.990286460812693,10.100073515396966
5.016864306866683,10.244761879033843
4.8749465625159445,10.291605141064863
4.724928614263438,9.973685010587115
4.828983816028578,10.047094698149577
4.683475014724229,10.372592105623866
4.9300817298957424,10.568214405572675
5.027156002120603,10.095690925466995
5.003258747041026,10.143980805810976
4.772339692301997,10.158452829380405
4.726534959640395,10.193377391593165
4.765860361113306,10.571903452675922
4.846563293867381,10.672344178473315
4.966858642123241,10.12976457081715
4.820714187501612,10.29068538425276
4.832117901051421,10.462786425379399
4.802839612528425,10.74304055264459
4.974531358481504,10.62162651067884
4.707914740147126,10.65812742230421
4.864112228130853,9.92609630751619
4.66005939922292,10.3843450278355
4.770823227609037,10.474844607536191
4.9309123571533995,10.35054174606829
4.847937950117537,10.505139295101733
4.868690649853058,10.647401366806436
4.858355099564893,10.348998451837874
4.917969676173856,10.36191890495205
4.841394045739843,10.58271436518215
4.935281027062007,10.524624006222785
4.8660341377442355,10.350054896753761
4.816478643006741,10.335809637030401
4.937259407213169,10.393008917066853
4.785425162469961,10.505734871197742
4.963541669492517,10.583218101625487
4.953220414517263,10.287362083850095
4.703105615578524,10.161512701059426
4.787708696118111,9.973360057041235
5.061942509986549,10.404344900983963
4.660970521848743,10.434777224965819
4.9344301977635245,10.148720949724447
4.752075264959192,10.64330117219361
4.701896047802936,10.679450338587912
4.9917351549971,10.464156326032438
5.019603504359886,10.360648084156521
5.014954940037633,10.938281422163248
5.10024880874568,10.025074113257075
4.9287755550082935,10.273202063965575
4.648761952443272,10.090898698766017
4.779697782185709,10.340372677976456
4.912032681652838,10.447987953154172
4.850685137873003,10.168490841001304
4.801138859221304,10.378907708574719
4.732419728641405,10.113988417725341
4.59879127199436,10.440643818805695
4.69676306240406,10.525926674949702
4.727117221795355,10.738538865828273
5.095556867880456,10.5612650698092
5.067967090513369,10.281659508610208
4.883371016795781,10.193381438138832
4.916523109864686,10.010513056652362
4.732689551281563,10.611727578839298
5.074820259118922,10.564370560784566
4.928420510204494,10.202832596198688
4.845884880198794,10.394674325791604
4.967655323476549,10.492121926587767
4.7906291608583915,10.516223202195723
4.830393492599429,9.96949635500201
4.971332767763768,10.34598799337079
4.813338432490503,10.490214125411239
5.088585743511477,10.437521509074424
4.724524471506995,10.424500733015217
4.710879455861631,11.073183060494738
4.9810631997953045,10.277373490810872
5.0536896981302775,10.24371588176355
4.744011303952144,10.366937874095376
4.818136911376024,10.736402703959056
4.917362393428816,10.457993845188224
4.990364485771123,10.505332923429528
4.8746889536342835,10.461208216383836
4.7279040730748525,10.508494345412888
4.818429627911492,10.584430581257212
4.8815140378340525,10.191897977484652
4.964578413995381,10.204735730242904
5.04044849371665,10.09008163519909
5.040984058904034,10.88946126374788
4.774089420431403,10.623458963058436
4.677546687070083,10.627889306377378
4.933743712115129,10.79843626980636
4.885537436896621,9.834332248337116
4.971146027045005,10.41857949970371
4.7859709792185905,10.398747813087509
4.846662290748492,10.153058533384169
4.927592475913604,10.055585575497933
4.83024303252185,10.637329176174692
5.029245583543334,10.35686588679686
4.888807572683033,10.79251720041218
4.957620197792876,10.248207094995346
4.752255415349305,10.817956728549584
4.8772828721978065,10.695010583485503
4.8323613856306205,10.302539867685425
4.994005870646518,10.413141628369074
4.829448311257595,10.871949593758487
4.787094563705888,10.726095123238732
4.737313871144275,10.794551320796396
4.80314198575794,10.274068437732348
4.987216662445913,10.26364984293964
4.622210021645935,10.378207339764279
4.746259424933049,10.669791105692275
4.82406666503641,10.438630908554533
4.8837154037307915,10.015103767225142
4.677424329975506,10.36417270101058
4.895481566882902,10.587360990892696
4.836437970894682,10.165936708409301
4.764924347309439,10.38358286197751
4.7858307356994985,10.742302013261293
4.864771897499807,10.608387772129683
4.538733778778232,10.554851253774375
4.754431498702609,10.151677131706448
4.878127018591357,10.526303527282963
4.787312287648403,10.203606462223457
5.020767701927963,10.299847822988557
5.039540094872123,10.89238984800444
4.9159849145404655,10.639220680309048
4.827691917130769,10.036478911042817
4.79443021321191,10.22552468584689
4.829366870290849,10.5669776294606
4.764955447313202,10.623993924399864
4.77748981093952,10.012001177023137
4.805478896586231,10.469692599593794
4.580432775504376,10.152281540155391
4.596602082025036,10.666351809792662
4.736327931601263,10.30882589869226
4.731218082515601,10.770469608783134
4.972808869192038,10.095426532825428
4.753528324036864,10.707497934103428
4.847267455181251,10.499670132343931
4.879891858113846,10.710938639491621
4.938460795453248,10.18407154943876
4.841530745941371,10.389494677008914
4.877546991237621,9.823969739779345
5.02172709146808,10.16015206633453
4.882230797296362,10.272768425275666
4.8269991751627,10.28853956248576
4.672604455196637,10.365326161054476
4.740663235864546,10.377412754214111
4.694460840609876,9.926697723813788
4.957643506762259,10.07619758228305
4.847721100628338,10.744625681434862
4.954337537953578,10.156628623769821
4.915186801018185,10.523785289207451
4.824326287642988,10.340936654372928
5.003467871751106,10.476250524461202
4.703497170985674,10.209399221072802
4.85601092022268,10.234447013894941
4.846050595765309,10.593667866844424
4.898128200581759,10.656131796085392
4.711910328161019,10.86314793824045
4.635204080738812,10.054556195876968
4.83618664739565,10.283985619658939
4.8933312633117225,10.318693838180405
4.792484013871685,10.616311850663834
4.555271701430088,10.737436160111455
4.846961674619825,10.394285599645363
4.772994538455417,10.13614280405431
4.846142839573544,10.30329373211683
4.947873086052662,10.358462622694267
4.686840728663064,10.402262024384626
4.705513090705574,10.364606494359718
4.733177305777178,10.34497005075972
4.957386144781606,9.963142745543587
4.633233220582973,10.243495439580824
4.8241201679583945,10.448561878566231
5.131901667899195,10.511753128019631
4.86460771085125,10.361202639445233
4.7534538362410785,10.198992239814825
4.968838967841029,10.396406713300955
4.911306312040325,10.143222063517365
4.932920993865877,10.099487942379728
4.729929942372527,10.204560477050507
4.688992738185586,10.563245344618961
4.781981070176649,10.383599161793757
4.704722046035471,10.371450358458656
4.664819853379821,10.067598961094298
4.807067876963963,10.41106882374436
4.991172105165201,10.188593857406033
5.034590613027126,10.509276897276719
4.899954886552633,10.630154549814934
4.674395230891345,10.450810280763507
4.73438935899424,10.379269704993554
4.829781847765677,10.763391278284978
4.87945802866691,10.343090028647449
4.638618892750881,10.631758210660422
5.076498349820233,10.350844610597452
4.8629542065569025,9.968745847476299
5.190097593654095,9.827582995250834
4.995634632645606,10.32353743641019
4.928477990664296,10.352924569158592
4.668233571211427,10.35555053624495
4.741836982514375,9.937688238861876
5.123750373675613,10.075075445692272
4.873003622787661,10.227010476648683
4.930611046661813,10.51736303234709
4.709114444326447,10.480970257107886
4.588938037950791,10.47813130780679
4.7593878039380435,10.699924093036413
4.948994945455222,9.802090373502987
4.624502709395567,11.08407137267888
4.6423467441290205,10.521680617732232
5.080291284858444,10.417399140750351
4.950850812612105,10.742285752790435
4.909859454816452,10.511187773110361
4.745427312947643,10.269617732270778
4.985006911068254,10.768846370884512
4.757950775780168,10.722443988530824
4.876176493997007,10.183559830466548
4.7864000128447035,10.319411662054893
4.923601565896484,10.373210962518884
4.79091922030327,10.665190026133736
4.970486846130325,10.378455654375841
4.827893387231489,10.046534376266186
4.750851821644229,10.218363087469093
4.927768072359692,10.162094987102712
4.687926028897882,10.637396072134864
4.680396479434139,10.209175283572584
4.713670499370232,10.487189484365475
4.573834959833625,10.353812224284024
4.974471685044255,10.246848879838058
4.924643475008236,10.261749719559507
4.843140023308455,10.434330213522733
4.79745937061911,10.593149001233506
4.84213759213601,9.886587553732733
4.942170091166125,10.418345885617095
4.753851354224658,10.147416239317634
4.551012911946957,10.455250890934499
4.610885593497535,10.29793239301838
5.027159783239476,10.22043532660646
4.9069494455205085,10.38226476904142
4.962228692179077,10.237241624393993
4.8648493944890125,10.201964249621
4.898735489301849,10.63060733456458
5.001669131512961,10.1187844978324
4.719841461767594,10.787950913199152
4.8083916532395605,10.264789309987838
4.7285816082870245,10.418753732940637
4.746740079806604,10.361916697127933
4.9316241661892875,10.36263654380356
4.803863030005369,10.381793515276968
4.616568085699079,10.26012026826221
4.928890094063287,10.193812799777028
4.734723001812825,10.488436201668554
5.018378102791585,10.344599564419045
4.884703633429232,10.189148055086546
4.842011162561043,10.82907335055424
4.734538541654025,10.474585276503817
4.8438623054250565,10.182294034340636
5.109329381667962,10.191776428721994
4.755076516010241,10.831905948053661
4.910682725218196,10.30397815897809
4.787703551935524,10.275736760289533
4.934491849128182,9.936046265997632
4.736071679278177,10.644087984938215
4.694762287743601,10.608259940299613
4.886069221391802,10.192544359833125
4.867979084666825,10.158095898827057
4.786379815439242,10.53514239941312
4.664576357268115,10.599055503012115
4.922129242924519,10.567953915307472
5.033853910180299,10.002319105724387
4.659050703632785,10.409732004462128
4.783039477337311,10.635075551751289
4.852928706311914,10.244236627359077
5.199316110853063,9.99285893241909
5.0509257510421515,10.137451856070385
4.803908990005809,10.381972161915828
4.901124618713014,10.318539179251653
4.8918627664848255,10.186827718744969
4.739720268948748,10.667795212155186
4.810890487803286,10.18946093344181
5.033167557366855,10.141977047037154
4.971654504644279,10.549684936215003
4.931648720109043,10.526328670214214
4.655860347435001,10.124015185497257
5.032998194773929,10.173951677136355
5.05928849751368,10.161676394860512
4.972048650877963,10.329565543674581
4.981020145264429,10.422231209429741
4.813847806572686,10.100351814061808
4.786133771558899,10.353157456512731
4.964391641401191,10.515888008618969
4.931826905839515,10.357674054031639
5.003415049948121,10.61875734577223
4.957934587574822,10.313904730589183
4.8973570851923025,10.190087989650454
4.85957121976239,11.0289177172383
4.715854867346085,10.032326294051073
4.976128482529405,10.125923703272159
4.779069011313569,10.144762678935471
4.817048938301526,10.382813990757974
4.808823006545719,10.547534288432951
4.589924903770699,10.608852313477009
4.785945278492047,10.44102380119993
4.736949765015781,11.017937373176219
4.882366906412232,10.431186315257989
4.736304887616753,10.546076356982203
4.845413424111611,10.559293687308339
4.868286148911701,10.621366259847163
4.903191492958974,10.353836946654566
4.990519354013071,10.201877192300321
4.921097664656449,10.454224175442215
4.849382256705891,10.377035661913327
4.707942562972982,10.275834502762168
4.780036628483653,10.131708775169951
4.772300582588196,10.00681119157379
4.711284665638428,10.318365799378698
4.777449164422682,10.899333004485532
4.858940222099387,10.67242788677563
5.001084239283126,10.575610476090008
4.87134863880521,10.763676982262496
4.986320581389435,10.446373703449417
5.029654273439681,10.730432964585194
4.751629906725341,10.72440702382623
4.842075329184776,10.71331908391831
4.914064541621212,10.33950461402306
4.908225949809398,10.170530708729933
4.769142982993338,10.565687078650022
4.836429235924504,10.285149087098885
4.7586266639498005,10.602446059550612
4.8796301100298844,10.446244707567413
4.996406783506189,10.713850413088165
5.055233314874668,10.471005786907225
4.838535500684915,10.44211699058916
4.973666983485786,10.449910885883718
4.821033985467816,10.220885616391971
4.856393981355698,10.75076957224481
4.963234610673399,10.536869799326507
4.892973404482497,10.471988302407713
4.683452983628389,10.6333445899441
4.872995150052563,10.17463278607399
4.857386362997465,10.469702013992602
5.099931491821688,10.303586229928158
4.735951231436809,10.021609248012775
4.887588821428466,10.64378338269714
4.869808071216022,10.59282164921934
4.679591591457264,10.596799509106646
4.936305928162333,10.376388205647528
4.816445908618257,10.712351522163418
4.872416894999235,10.402348428588839
4.8676533449148565,10.523168918284753
5.045801223905273,10.879119002475898
4.714874673230125,10.417604401499883
4.710242546774206,10.434669939603802
4.858250471155805,10.399803925274066
4.706551669155068,10.035974452944755
4.668324064567626,10.51478756080312
4.885512493024878,10.748733669614637
4.689087759884076,10.464352901177024
5.088464331985431,10.440624666750178
4.761589631175225,10.017232356402786
4.698001298879343,10.87837659976128
4.8525290390107285,10.560045671402115
4.925107785884983,10.365712392792467
4.852928926029623,10.67348434369421
4.990942525839559,10.615078643611787
4.795650877965102,10.150186470238626
4.606433681147868,10.369508411635515
4.958858088524949,9.615969607811389
4.853759848667009,10.168868062573958
4.723194665208884,10.650374183592824
4.9112158679280125,10.406658589486645
4.7682843070847465,10.453506864875843
4.858080568468566,10.137658156364735
4.976763953487814,10.194708025675432
4.842660570464984,10.601535623528177
5.04842451897173,10.280903031531569
4.784946267893066,10.139825412218023
4.843286611005615,10.453551953588821
4.984772776921319,10.112856690540152
4.6886261485435075,10.813040279232474
4.759943598682277,10.205383326606684
4.8809887947495625,10.843700573422845
4.9345437359231,10.64566601318019
4.997105682105426,10.593962417136346
4.859317563942455,10.425303332600066
4.972699411745984,10.334766715186078
4.910688750459895,10.204381608685551
4.933794696381254,10.27241748574168
5.085695887642848,9.988290225989546
4.901629617991972,10.243969297778534
4.74222990433994,10.291397462740857
4.9927423202076495,10.60353009033472
4.9366880381148714,10.443923357216738
4.702395537016977,10.329188039105118
5.0807131306281175,9.931121387130469
4.807499907575555,10.61645953177326
4.766498842565504,10.950750112420096
4.659950371856177,9.813286422583118
4.922004946103633,10.336743278665304
4.709476106664586,9.83188584060803
4.708064157100102,10.327202297369958
4.793608422879169,10.526882595563047
4.780424692932102,10.325045954622558
4.716594540797237,10.389075818203127
4.895309776340711,10.43903358934081
4.945028082357899,10.22221829280803
4.529558694618048,10.342840779006051
4.825189014098714,10.321257471991032
4.811093392350362,10.401091152956054
4.9329779850320925,10.57074139077173
5.059165135200926,10.7566605961808
4.946361840205812,10.070643272188423
4.8819621347393305,9.895147722305424
4.77801456532625,10.442004159096781
5.027777995736989,10.760023760637708
4.6978040769541725,10.325588759645719
4.989197756238123,10.523766608266536
4.803034897481664,10.135203423673632
4.822077581554814,10.395248041167815
4.845178377448613,11.03676674074901
5.040176622149002,10.06944383430169
5.128598792004316,10.744925145034754
5.035526094004675,10.679043955959546
4.821477404458682,10.396082643974365
4.960599742202482,10.618026275961505
4.831741682871122,10.663531289948851
4.813203940741475,10.659752237095814
5.040507186150374,10.58286888464579
4.960312640840117,10.507061515579371
5.188828328501367,10.227302219913437
4.866816046153151,10.354306740352673
4.783299522145249,10.393255949609769
4.7086006111605085,10.144734072563502
4.802872648755866,10.58414696299888
4.754098404631984,9.999572090173618
5.058973520933351,10.06272497812244
5.042142329950832,10.25108781115617
4.930358299809325,10.566229691798807
4.7706500093892075,10.690306437216437
4.769086228299178,10.503285974753146
5.009790363043354,10.22372298986653
4.930503911352736,10.421134891072098
4.872895787639238,10.486374836205899
4.751067419936982,10.285659808707752
5.084642032216528,10.654553512070379
4.796117344803659,10.114350720168073
4.809960028473771,10.31717594256917
4.7601023373407365,10.56688025914915
5.140101417178737,10.479778540927276
5.083095808511461,10.210641088741506
4.677389354302962,10.426738947547083
4.828722255896849,10.30906064742311
4.876136617230885,9.915593246282544
4.799453140322595,10.09664369592755
4.901202421494272,10.197934230896834
4.949242882849781,10.630038983155659
4.762773326004954,10.37637448483968
4.785064556581812,10.33412181586139
4.857833220803182,10.45937886218198
4.863233275345972,10.505342711091027
4.741072776708684,10.44724352101623
4.85647943785284,10.374169169311774
4.823371583533238,10.498382446871483
4.848502041292106,10.117698748552309
4.811660188381254,10.01358222121171
4.953093298870177,10.346762651945026
4.856381059970701,10.163002241701582
4.930512264886443,10.488909235130516
4.74401661485283,10.546419716437905
4.873890866305266,10.771100557609046
5.0702094965147575,10.202361912637697
5.132140893442905,10.404457387374723
4.7818086562775814,10.66796863301755
4.775442405289882,10.738521112844362
4.774885709608949,10.225253394631102
5.1141868962228365,10.062000521319655
4.987956949198003,10.554006978596156
5.039339874026443,11.028917717238302
5.108812197454512,10.320442646618602
4.589029549029355,10.113062665522959
4.90407108035762,10.385625429473645
4.799215154486185,10.644537019352414
4.914386941701458,10.635105966870638
4.865102118338776,10.280742706784421
4.982556806098306,10.086561428406348
4.899353088562637,10.325735724810942
4.8718606934283155,10.519346323865289
4.918676906592866,10.601310396367866
4.846687955750601,10.010314363248044
5.003587489156422,10.632798509285655
5.1958684100271295,10.368774835698682
4.735226623302405,10.454842041882117
4.854729745640925,10.613238713668162
4.60968665877621,10.85853905875882
4.753650035478119,10.345359298695723
4.867475261012829,10.418695261724595
4.706304306434498,10.946693381176846
4.872558914691418,10.431531201494947
5.028481859093023,10.40234949754407
4.752886633307056,10.35835379875728
4.880226968324832,10.451472602900974
4.734338452993351,10.493237368542195
4.977862438403903,10.231206781819136
5.027753338281088,10.36470627794338
4.877944359521488,10.275087201977614
4.986727782644121,10.246359072741303
4.841271658360026,10.70772299788545
4.857347249995365,10.53649257421825
4.88769707863246,10.13010334669732
4.9896251935666145,10.670470767919149
4.607900610628031,10.251908926277707
4.920666273416145,10.340600766324531
4.913490913046974,10.24362442484556
4.742223068324964,10.139373015415039
4.719184029606791,10.345261976465508
4.893701908689466,10.970140382599174
4.730691720743675,10.156410961764731
5.017268610360468,10.414049278389717
4.7281883194748735,11.036576499366102
4.849365880761253,10.685770086614543
4.962973264347686,10.575157905005986
4.791444084472609,10.802478252541329
4.921967114864454,10.041489597521993
4.665279134260298,10.119486626381116
4.862126008452679,10.036614871133434
5.116658435074837,10.078006976440776
4.957631204302503,10.746824793564524
4.820229713903414,10.402665869646563
4.839729130012822,10.68906010441029
4.685398133160478,10.102339703684935
4.886184235634388,10.464128705188461
4.78678888108403,10.219195320079352
4.710538027555035,10.40520074357344
4.829992203946916,10.8498514519747
4.869162067961791,10.73853493193803
4.772522684338351,10.757665687936953
4.84500614310922,10.220032452801156
4.855408534001493,10.514584242284483
4.884049917426265,10.06877867715025
4.963563061070211,10.849507065133777
4.60940374403098,10.381007235419261
5.012973896703153,10.465972904535366
4.88305955392633,10.456750024956916
4.9051631006412935,10.05985271196714
4.686588373945507,10.479558647961563
5.007157325652776,10.153286015336025
4.792470604860205,10.29591742332813
4.8066158458638455,10.26196931963573
4.67520887304551,10.38733208645407
4.8985298778685085,10.54905727940313
4.883362884476132,10.234132701600581
4.853644790966075,10.47651232025838
4.815943978833684,9.88262510948791
4.841702837457796,10.760943850669399
4.993437607559112,10.687946839727996
5.041649647789681,10.494035424859097
5.010088745996083,10.775624511504148
4.784696987497808,10.498044189119913
4.759306892707809,10.50059328435189
4.939229749703351,10.693931437749141
4.811225312686918,10.750833134655347
4.680017399766234,10.401691388149228
4.775186494971883,10.204342196730957
4.917217859510492,10.54738250598798
4.863856645395367,10.51403855986365
4.869710745394213,10.35723542014925
4.993436263379224,10.22037802597779
4.796139335063061,10.781644766641142
4.840226471817941,10.893205504951766
4.730351193735474,10.740851000407185
4.865818526716434,10.203003439459119
4.857225937995639,10.469607256334902
4.996971093895218,10.298859304472643
4.890729844427572,10.81543578824917
4.834521635678957,10.26127701190212
4.761157050728398,10.268295379685384
4.862181220869065,10.29453817502401
4.814443018837046,9.985658643415862
4.686193603636197,10.380074402468642
4.734733922695984,10.221199307228517
4.92742829992623,10.112891657719485
4.8481844077074205,10.186770907492157
4.865586650743841,10.123837353103443
4.699535543618969,9.960930580172853
4.768814139713736,10.1359876351719
4.945601634955607,10.47059251957948
4.939585313637284,10.311440283224014
4.799826062609564,10.633539098314202
5.062646590267941,10.526026076264449
4.7293249505280475,10.335258951991234
4.859790999743301,10.766812001262478
4.769880080154062,10.392498972353025
4.962116365420381,10.328944711489385
4.822209771589367,10.731796781956394
4.777425599071703,10.339577953573395
4.6951117784331755,10.508013763195258
4.7791762987369495,10.520929237858113
4.7922028257207705,10.451173800624543
4.885554709773921,11.076055771046281
4.892860267012798,10.640751929571188
4.794200567844197,10.27135766373739
4.7226765291451365,10.637807643995247
4.8625529579287505,10.258453232697772
4.863751259181673,10.236753051551556
4.685180512063873,10.638035251687102
4.6707837354651485,10.412875618363163
4.691255779593499,10.134468908652915
4.994801171466824,10.751901145468963
4.783608487862641,10.390478542791346
4.7994248862762605,10.466219528476437
4.747306824191826,10.139152718314547
4.934336153899485,9.970508183091958
4.817790196487561,10.010049197009723
4.663740926631244,10.62842830847818
4.789712003412859,10.557041420878953
4.853338097174898,10.189676629116482
4.841619732391263,10.803405239352621
4.701180482498141,10.26134790585479
4.759466449085085,10.660278266101946
5.059270653026613,10.118343398205367
4.897308658697937,10.326290797014773
4.801816986401858,10.734708739718688
4.88472150176037,10.48909139568404
4.597928685270015,10.864284483329778
4.945602485599197,10.76407909418442
4.6707721075746935,10.37478081545018
5.000053600652483,10.86325775866606
4.996567368057616,10.594574249187257
4.781945099477167,10.513877287621852
4.552592701063161,10.42579819381689
4.851404150234146,10.673124299007442
4.740331128022781,10.632967324647915
4.879169183084539,10.068414726695684
4.927495105611243,10.342590548175737
4.744706660154151,10.046573330850132
5.028115310699474,10.533567056577661
4.961094719850783,9.878000844832924
4.948510152404292,10.406913148201825
4.848503949786003,10.397869133664205
4.801426147992626,10.392150417494333
4.909101890804998,10.629165296288596
4.764017879710568,10.278273465350518
4.90858304474594,10.157382999234455
5.001164671586604,10.04952830570927
4.9805497022611185,10.235027819643292
4.871304984705612,10.120842081928513
4.942112793518814,10.514657850660821
5.010743401790112,9.843603301559014
4.730104701891913,10.248683174295751
4.71869878671336,10.355133222008085
4.801709706834633,10.69161232495001
4.899051611660128,10.29938535236356
4.868219090893855,10.078951839585685
4.868092372577127,10.199999796903164
4.902273763351356,10.358111645503811
4.82163592080722,10.17576329551494
4.866870463257253,9.92009433319604
4.643098593503643,10.444427870787722
4.86156807461314,10.367822438075745
4.913407256358576,10.317905603685249
4.869127599900935,10.451463303357142
4.974382505814292,10.799282838726633
4.938323052393183,10.513294506054683
4.695537743081353,10.177974375364483
4.989947930235912,10.314536832520991
4.891920126552514,10.195030641206358
4.944962237072224,10.387668161794668
4.694871401639526,10.285756489472263
4.807720665384623,10.313637582555668
4.72883327177199,10.23725895863313
4.899254178927489,10.590934822648219
4.757406322123508,10.857181197228885
4.848807152523877,10.56517519535513
4.8777500745041245,10.411265058313695
4.977276570018656,10.611108582454747
5.03111393177828,10.544658278123894
5.121414473138744,10.732973033997483
4.789019114627993,10.578988419869503
4.816617232639237,10.386714479782398
4.91675588256383,10.504365242935032
4.87124110861906,9.98454975683113
4.8801300022313585,10.76754424651303
4.9130847693496635,10.887646334630015
5.007374666740911,10.742209552365889
4.859073206734583,10.718754651719259
4.827305490892123,10.629843785256288
4.62743187127335,10.150714900795908
4.572153514848543,10.771223305847638
4.760135384501879,10.383716551675466
4.871026352929308,10.666106977994621
4.620097485589359,10.61805565640244
4.816625390224597,10.697272055275358
4.830964319726889,10.713823047356867
4.715545842189602,10.634582416899832
4.837129964899807,9.91283512093732
4.923026136355464,10.585819092919198
4.897836225015614,10.250757943437458
4.909586025875616,10.30767572034765
4.834933883044282,10.649684926824241
4.911959168007596,10.612260824688988
4.97654363915372,10.063502792215408
4.865714197828513,10.28798273485218
5.0707207753769,10.340035435093753
4.805360938634788,10.526975718833407
4.991059790746018,10.398841602599571
4.926864249200355,10.123448684277417
4.750852531190388,10.33086345615636
4.894960082107592,10.100524784481909
4.655031287827737,10.8229476554365
5.080458214457172,10.151481811584123
4.676301609890079,10.347114046176609
4.876408776120197,10.276659426715483
5.024225521714803,10.581896097151722
5.120149529166059,10.252712479644481
4.978442707205334,10.87254225797507
4.680996959240813,10.682303314951474
4.52794088319198,10.09841531188159
4.815592119162782,10.548449333594819
5.049899685743829,10.204780833793151
4.813239174104983,10.317606641079623
4.568956129269696,10.3011529897472
4.769779663433499,10.201038935045181
4.8550939763323395,10.649936590223765
4.763282618575096,10.142191153571375
4.839929498461936,10.195677759618412
4.741812441559759,10.89325812410214
5.062435646603759,10.038827544907843
4.751077302953058,10.652675490510674
4.861157679031677,10.110202606831294
4.795368196407774,10.511096274918364
4.808909961938452,10.740137285117584
4.826811228851464,10.129395382145589
4.693112579135737,9.947088538810258
5.05100729935396,10.444786355897678
4.939486470585217,10.391320416923552
4.754197179029823,10.385729683410677
4.836212292483699,10.33929951113662
4.958591064062836,10.492882937706888
4.816733748459112,10.715283749056068
4.9087967682478055,10.45960812372932
4.762598715782772,10.27196714065554
4.674603604296407,10.35868470044266
4.811651399875116,10.337544277359074
4.886919489774283,10.408110189324038
4.851338853941469,10.182127884826816
4.904264093670145,10.064673749537672
5.081785847119931,10.917360267235107
4.868137626755267,11.098598977012687
4.835656478187167,10.422598308630072
4.751144287780101,10.913349896865283
4.914750936080478,10.638446777810543
4.883354442248462,10.587189671882614
4.818323101538974,10.407621892548027
4.938694882077075,10.128609963999084
4.700605009480118,10.288007652509018
4.8816512750179175,10.732092528954944
4.6589772079654574,10.594946238095943
4.959425010689236,10.479614057777576
4.939759692497626,10.73124506730055
4.792401229643266,10.802752110844663
4.940087262005526,10.132445974118836
5.02327616265655,10.533031394953666
4.6886398101158075,10.436244225320024
4.863752262515543,10.069854485050532
4.908965034854851,11.08114788475493
4.81810125282256,10.747146274810248
4.798006262815258,10.340643885988266
5.051174221375161,10.2442035253838
4.915264437469503,9.966028386346895
4.887941750848163,10.165820819040839
4.860585563546686,10.186788380350439
4.7837764091514,10.80114341513796
4.750495026743228,10.755799882292875
4.741229847350795,11.131861636571005
4.786928539656884,10.000725021927979
4.882435656447341,10.136104194821657
4.925334233967585,10.502392141757685
4.8417830858260675,10.025933585640846
4.6527320991724155,10.210416732193153
4.870703494953735,10.30366398601431
4.770253462278962,10.136741043504458
4.945631531903444,10.274467495433294
4.723151148862044,10.660374383909557
4.870049966319204,10.295257690025878
4.823066296799916,10.709546969014255
4.897339219797176,10.273323821862672
4.857980560946211,10.14686528787036
4.954226329849653,10.698033728708138
4.614192973855488,10.78066435614433
5.086702499695438,10.146723610268126
4.571185366683885,10.320124872965751
4.990317042844521,10.429291670447835
4.653902205875308,10.383100083139182
4.891830517557629,10.447887571263092
4.902727090586174,10.388393224803666
4.817317605316303,10.339083518378452
5.108332558605312,10.663397394445994
4.738311862051156,10.751025381344249
4.851626059496593,10.487926994584171
4.9556750393250875,10.680593854021485
4.909494240545032,10.0643709231419
4.8490625717148355,10.51746723067853
4.847344842937447,10.43967404173457
5.147461992783202,10.82485017620458
4.878691803338682,10.215417378355937
4.887864352681379,10.430715330119478
5.030804054902803,10.727514500499865
4.929837946533213,10.254199927479664
4.804626708403474,10.497001081906797
5.008311186011041,10.638685769307003
4.901017827819714,10.05342357714293
5.205334005948741,10.919653094885108
5.015496041099002,10.485876518140188
4.853973742487737,10.421947862579735
5.0181523140082875,10.274170155973973
4.8454289408841165,10.818860772767572
4.752551583482348,10.462860684744951
4.731606221741273,10.3116673978683
4.8346880361604905,10.126355231437456
4.826260478128993,10.378902052725163
4.791144725429022,10.479102950868025
4.808051284649667,10.40892981313429
4.918660964444914,10.105931238166006
4.64083983222981,10.309693445871945
5.101720163129132,10.146462868793341
4.831644414945802,10.939439541800537
4.867095408482284,10.651460024011982
4.772533838087149,10.572836617668997
5.048341398154754,10.663285111136167
4.739208213969281,10.395597607049636
4.916544219815773,10.553696870746348
4.770652853337913,10.27899371137202
5.167649423928233,10.286210882913709
4.78493054983968,10.263813836825033
4.691268622215514,10.310653705863269
4.745248659291491,10.489970213781463
4.987840539544261,10.729219187676799
4.671736529336298,10.689923069875178
4.689503675436975,10.54051211802634
4.8575026794168155,10.13837433271439
4.816710512511757,9.993373108798872
4.969100819262415,9.997336105267488
4.8908356893878056,10.31960854181676
4.799822963412933,10.263564958347915
5.00637891334086,10.158855422859006
4.994913808619153,10.537624260205146
4.726553604156077,10.835530932647941
4.946272529891325,10.132258069216476
4.830842132116445,10.182734672969625
5.007562924240626,10.097590592274354
4.750930002101767,10.069809182178968
4.468470898163156,10.397448673740776
4.785003251863596,10.051160603962535
4.865259147639706,10.344384791546371
4.702816357126909,10.633010526584139
4.784218866464081,11.074255275025587
5.04858535077099,10.201877602053067
4.709355291066625,10.455037280085167
4.791275241695454,10.246655445457598
4.721662671404049,10.224181751476554
4.77910573644424,10.069566307766069
4.8744844672034935,10.376937632765449
4.957373541545913,10.269777241246354
4.839591572389031,10.3325740750864
4.695282181732891,10.02918823764162
4.99574328364661,10.080887554117286
5.003723837785149,10.12825514057748
4.930356070281658,10.233353953527406
4.8639334349871035,10.250189532298974
4.824538864352484,10.323044114549386
4.897236074028251,10.652005874806342
4.86586444779061,10.139320348391943
4.867735966995414,10.416979872259702
4.997579231933378,10.287108262971062
4.875696966078497,10.699194279855982
5.151248887374326,9.8906071004589
4.983613484563513,10.096924376904584
5.050309805576209,10.418307147543734
4.713963783783011,10.745410558603595
4.9285551048138165,10.249648153454736
4.935690039685601,10.59710664173467
4.6912373210075655,10.105199122011369
4.902888129338397,10.34300258425932
4.864127373446374,10.121529520935374
5.086072406950641,10.366571782447258
4.976219142453045,10.609070546025057
4.959404256975501,10.261128234402394
5.0575571579032745,10.358431732807404
4.720081633260117,9.999056906115886
4.782380231946954,10.469071620272997
4.833186820353545,10.137522700185206
4.725895826516524,9.888107335078391
4.815089283002249,10.48812864469388
4.96240382188424,10.347347446158249
4.885946957698522,10.672662903652206
4.833456407519261,10.056292718957948
4.819629744809951,10.07220203138134
4.9392477517209965,11.082112639630633
4.85082991705349,10.142900783961126
4.677713567121501,10.23126814733213
4.977206908593629,10.4785115245075
4.856985084019401,10.34104887309015
4.892992017353942,10.470606387241201
4.886483045641137,10.305333392551162
4.866741137459823,10.177015917653712
5.062236629724114,10.583122820420547
5.054164809888065,10.232850255921232
4.760452503557828,10.431637483374486
4.938862760698663,10.34766091693037
4.852598316308635,10.405609625304226
4.828212486005192,10.225249100165307
4.724739495400306,10.69317529734503
4.884880019772413,10.628857364228573
4.769099575288436,10.33013813325062
4.948070608686023,10.661938057492026
4.9457647696979725,10.262965669604903
5.013329488649843,10.65185229053437
4.708050706953227,10.429242638675886
4.7671283245549745,10.326610465373799
4.992171707716225,10.436089116954907
4.850565493778031,10.24362847065642
4.715338399069595,9.9513386318222
4.582107328171198,10.54906493135012
4.79861379542289,9.993286758399542
4.959814066797083,10.458445544824958
4.887859964533298,10.69306352964521
4.91688881907985,10.409875854687701
4.781467115355228,10.549506615279055
4.820529478156556,10.170255374708601
4.914794311524675,10.498318449473377
4.994742301950748,10.646530315189104
5.0164732525081,10.566070069212499
5.001019496259206,10.330679291782392
4.79169616769577,10.300989380159217
4.877770659370103,10.174877105906786
4.819144707146356,10.371345828833142
4.668142088425109,10.514140596050538
4.740830331454567,10.325763749045706
4.804050574840724,10.152853872948688
5.00081441776961,9.831548942833223
4.89851828286474,10.987426955297666
4.927927505834478,10.98167358161857
4.708227465931428,10.261527459514802
4.736000555489765,11.07439006720152
4.970908805196142,10.576721600382635
4.829681674051962,10.479704333638873
4.8114091205140515,10.258132976404298
4.855885584366567,10.713913962847244
4.884731991272325,9.977597006915898
4.865524172216663,10.30284755483835
4.951234529840212,10.372562354598783
5.0612791483689294,10.429837897682377
4.724684409645977,10.337185497457273
4.863927013157583,10.00550718463384
4.867803397082383,10.654192458945088
4.674892528807933,10.319274747718914
4.790147628612524,10.15669405021482
4.8136596637619125,10.155132713146406
4.993997871434889,10.710225331097353
4.840049796247747,10.436937441650134
4.901786405181035,10.615379672223407
4.69477844596921,11.021427215935237
4.855628155214285,10.520552797180754
4.770905116447293,10.318202026549075
4.8038895889739965,10.270904864924631
4.810952289872554,10.815047558425595
4.925307405291955,10.526796792069266
4.8470719504038104,10.381614509536966
5.07952722778011,10.318930125264474
4.849004144500887,10.355724201088007
4.942573210386638,10.244290421969035
5.007178804556979,10.200526913283245
4.834565402382,10.17941038316294
4.969303283809239,10.121239347421266
4.974800190146136,10.214141135947369
4.663377390808338,9.96156283667825
4.807617306742574,10.371302055000772
4.879772124875884,10.555481150297968
4.824020462688207,10.906293089158245