6.697385397229909,10.154221813906187
6.338353550775625,10.062045848160526
7.333433288336634,11.366313628252243
6.722818487328657,11.416658169285663
6.76960254655292,10.07531603440146
6.142776535708195,10.808704601655958
6.989516365354002,9.50022003640078
7.50555492966873,11.750895771685709
6.947815823863791,9.569244736027267
6.731212329591855,11.084318675419674
6.2786180345488765,10.843566758714854
5.571649555729442,10.839989838610947
6.687352925905606,10.120459334623067
6.454486788425394,11.973490697236802
6.762609880091064,10.970845476231899
6.941073206305499,10.648433212131732
7.202480874334684,11.281365365353457
6.782308890310584,10.584995207839524
6.196795264835352,11.851270643793725
8.144350478788033,9.952542722019242
6.771059182243033,9.920893792829462
7.564007133749661,12.92935761441928
7.042964359839976,10.516678229906097
6.710308558520708,11.310487948443575
6.606725179088721,12.047726886756351
6.565834717843165,12.712183745249325
7.352319281660862,11.37722405662932
6.980414693030766,10.463165067622956
6.440674382452087,10.111672456131144
5.966842328911383,10.073895937835669
6.7282590927432375,10.183914087840005
6.736112602491848,10.416936729976237
6.881460314071362,11.541658628386525
6.798098884704987,11.097690721166547
6.85592404100844,11.556127775141789
5.869799210830751,10.649459805058015
5.835310053566927,10.0935258472237
6.837866468739923,9.764465184576379
6.2183355430781475,12.075393648918606
6.608204288205797,9.931575243274764
6.671716462169695,10.836344999438388
7.557908177482874,11.75587681071003
6.865527045780202,10.284487513591671
6.059412541613424,11.200914062528645
5.743490598263578,10.660893976273243
6.476226866085908,10.959097837947862
7.55306684502344,10.382865297116535
6.365032962853411,9.31270417948853
6.168009490704583,9.961755375897809
5.8919563424107695,12.584144573466906
6.615320731772965,10.801482040664832
6.933116024316357,9.756261982178625
6.254914714088332,12.155482426227696
6.617428870605804,12.09916842202943
7.303262809940278,10.418090260270585
5.456812007315809,11.336260203623105
7.339827318716546,11.176118410182493
6.883332802961795,10.375272508729857
6.3588441499835495,12.173489995312854
6.7369720327923215,10.74536234766621
6.9025760514631544,10.847402620216084
7.152619442846053,10.785074528484726
6.329628096633065,10.767657387026048
6.916606785901891,12.47821652524948
7.051968937952764,10.846897230162634
6.144344283086001,10.697156679229739
6.225646501448101,11.013514149235347
6.809003569031852,11.317548933194132
6.803769151012311,11.3338797701444
7.204807504222064,13.166939313504816
6.326806500172186,12.148633248286858
7.121983022587102,10.741016683394315
6.590262347975255,10.806931380849855
6.4960902122955035,10.612391017039307
6.289176057319348,10.290221037289944
6.983574104829393,10.358360429445451
5.8039533665119825,11.563112271886329
7.075012875376071,10.73122748023004
6.614248849549888,10.182950605701675
6.565213219434586,11.37825777671846
5.812165044836638,10.567465988356208
7.050431160652047,10.440528818490103
7.045315143850689,11.349585772013725
7.101608482969156,10.066051241421793
6.922844555986298,11.027752238642538
6.513071878803489,9.745261838166092
7.11443113152906,9.660853347855777
6.554237494995566,10.586772520413772
5.649186703229399,10.238089770802075
6.850181661042006,11.396992301535567
5.908981919825726,9.706528184256053
6.026205067909022,12.395946858518212
8.325854823727138,11.024500952847362
6.167622086105866,9.224987502473525
6.538802452288304,11.544381168350855
6.485770646029731,10.6236141734626
6.573664469615853,11.70121262229146
6.821472985498564,10.375972329654138
5.691939158393733,11.703591379595446
6.163666586848316,10.425083810588044
6.3294280975377895,11.002111863463087
6.40232340908319,12.910178526334903
7.273220272449082,9.928713304988667
7.090236946931453,11.208580520797463
7.002916859487976,11.437123394980373
6.502889494534042,11.680721049776407
6.275616451867193,11.817834555514835
6.5469130402936475,12.721579764212118
7.709287210552093,11.423923476491273
6.233935281510169,10.46940000877688
6.268579106814636,10.414043097938794
6.563237592543805,10.424193099176296
7.505866756698374,10.178283209891605
5.573823985709184,10.503842323306785
8.08346650227936,11.520001052498218
6.563611733520683,9.352750226929889
5.733594061061434,10.999765173279625
6.615129603761965,11.685309420378292
5.304006936507064,12.879270502204674
7.324885406513477,11.278890824992141
6.849905996582182,12.650046767663907
7.0122462993795,9.93903174116507
6.22382245065846,10.4817901067008
6.352876723503171,9.913891589580281
6.256788722318529,11.58456491377181
7.583033609315305,11.43051786074782
6.26768133824346,12.646846929528309
6.180389122714213,10.127497003613632
5.655908260695374,9.800281458954267
6.6988552087102775,10.120550756401169
6.6876580281846785,12.395532594925916
6.605168145599071,12.525514557833752
7.5643412694982075,11.312292450283444
7.161419301922111,9.711842842709999
6.116701189032153,10.755046983157925
7.426884533151484,10.66671343743921
5.2993473333260885,11.79385474357788
7.04045848092862,11.392133841669583
6.221623699394992,10.590805884899211
6.164984635355115,11.560229261446473
6.306665537090526,11.49306832644965
6.836419138631486,10.571471721026414
7.443634681621233,10.504990636441718
7.8666099302599015,11.61759399171648
5.803105062720571,11.739147912585802
6.780478500855382,11.572734072262541
6.046674358534839,9.031437972037057
6.701523815377152,10.758220273739838
5.818920007306869,10.176198777380295
6.735287541490355,11.765725671441414
6.396169751605815,12.345071924020516
5.92475980938131,11.93854173067253
7.595060470082192,9.61048737022364
6.489767094075412,10.025730017211059
5.955677804867945,11.240858735613948
6.581657592720921,9.906602025079877
6.615524638091054,10.59211312205063
6.358896906936324,11.594543635306525
6.987316888980721,10.6876492267052
6.390076810925057,10.645131198435326
6.920839721415028,10.762663766112917
6.937877315701518,12.03616117049308
7.002402468145338,10.32265330048336
7.158116594905245,12.042160624067126
7.542250152784273,10.44487380014746
6.180172073577768,11.650330859208047
6.549903188566641,10.376948892015875
6.246797056152372,11.17959041030038
5.553922559296858,11.585934199222727
7.9847944835695275,10.961544118599878
7.156230996302068,11.108141472834216
6.369437725327866,11.17504718468951
6.179515170545695,11.503395823489067
6.457973257859211,13.74761983497248
6.240499411168746,11.603250117990036
6.570028584964981,11.252162518452455
6.789737622788695,10.804709956138437
7.1587946798236795,12.36816837963881
6.131675747674403,10.165232807541654
6.363580285986775,11.428017440144789
7.065149411372223,11.526813711663456
6.843703546659073,10.581210548173445
6.4920221201823916,10.877010372264781
5.914962033253258,10.417768301015064
6.399110316801318,10.729333521306996
5.972062394078677,10.968220388292131
6.651435607127913,11.087574990391602
6.9551865634476,10.56170004410873
6.577879641208038,10.995547727211612
7.284845422536618,10.257158885781271
6.856701332930098,12.018997583776919
7.128881658474008,11.025484144378016
6.394779542595433,10.256527622973756
5.957069822067305,10.223666500080144
8.27402273653542,10.443108357294964
5.807531780360844,12.356924348429544
6.414116014435099,9.11244732480069
6.886819406812743,9.746389957155396
6.364656368678476,10.661154973682295
6.902334022442933,11.546349641773041
6.775070797243216,10.675884570360136
6.462375781145622,10.50103750638867
6.134161519404589,9.616667696695208
6.895484269890701,11.333576269421629
6.432814785303687,10.865260223838998
6.587231239856163,10.02428672668691
7.6415970718087145,11.46895016505132
6.299175383331867,10.851595769076237
5.956295876321451,9.715835200234284
7.7603150930400515,11.726711164147973
6.441553088078963,11.671716369421942
6.888123660539528,11.732087965256659
6.013041468675266,11.040171646871354
7.2206780128632175,12.862288693093646
6.011906457255471,11.278446743528205
5.980756267105631,10.502434753876528
6.050909236842814,10.295145118775574
6.7268643843442,10.815031421830765
6.859037353054915,10.206558562158087
5.79130734233097,12.000217208730662
6.1081093450951345,10.900692243323757
5.929257973812025,11.154955878131165
7.031949142820712,11.31042178662073
5.824476668601831,10.825390856718784
5.9368439903504795,11.85957542605135
7.14403903307904,11.518229723753903
6.774306141199287,10.951709218343561
7.203091055407993,11.280054992008704
6.995329056791225,10.770525894657135
6.131521071629058,11.088780760873343
7.105296260186017,11.528039400917155
6.219940817852296,11.647670272259582
6.455762479380878,11.308166505078118
7.1389139412633895,10.785786541781128
6.965851073058323,12.035981775820026
6.574831308575541,11.964924363070836
6.0050898948350175,11.010962857873286
6.012356262153408,11.277068824447824
6.624076691011475,11.501497529525981
5.987739377962758,10.523819269174849
6.536304770805597,10.19157492891205
5.879459808229764,11.838932365300344
6.834381886903177,9.974132085521827
6.995199085279498,12.032011704734659
5.88620240971762,9.644658414055135
6.103269678840097,9.455067369204443
6.6632019405334,10.96884650937454
7.184908190741565,11.2331993556155
5.9582916931908505,9.842147022578486
6.578391820105366,11.073430821541045
6.173487842446485,10.96719641294872
6.568658775188838,10.291610035052697
6.730126428464791,12.399380631767945
6.367755392178564,10.868059285994551
6.846033348331794,9.50921970903424
5.991145566373854,11.403587223783454
5.837716954329717,12.545777672046349
6.2511567725523465,9.988748174145103
6.546518110843708,11.684916289324452
6.121711263345148,10.29902283403077
6.769438959039977,10.940549035361805
5.515295384695356,10.06980007140232
6.546529231597277,12.373271079865289
6.310539224515882,11.429765371121983
7.713219862176803,12.979331739896526
7.213926224993407,10.904865763038753
7.047775353128534,11.346799003784257
6.167445490540491,10.400927763730623
6.655970297637441,11.179286707373075
6.578184896849843,9.946404351670509
6.606263334420505,11.768984256408325
5.848925531692776,10.808380223004123
6.676492074904516,12.553315710725006
5.551363090048878,11.027711222482314
7.223611514720423,10.59724000439154
6.625502495158655,11.75597949789984
5.833137138321376,11.105380588894823
7.406594814259002,13.089659756526773
6.402488790795462,9.8839774619137
6.8450404781602225,10.780593587972833
6.553147368292883,10.789301402458973
6.164336528453158,10.617612889698625
6.825120652629665,11.753257786871492
7.412978948413073,11.528389401943993
7.209990160863522,10.771133014384384
6.481754026999034,11.640513118965911
6.244813522834265,12.314112127541716
6.198817335054878,9.062957682864896
7.097690663423763,10.181934580100425
7.566683250582069,12.754745734240434
6.561575618512277,10.434057402406792
6.624280443001937,11.727504218682931
6.159438828439492,11.701917062299962
6.436036967164991,11.161924997749196
6.549268075498584,10.709124891140519
6.263617688950602,11.401752995087156
6.736110215247579,10.85657850475389
6.1442977102054455,10.454686789531449
6.04610681793191,10.407473989775715
6.090835046958641,11.959488641141935
7.324876480328747,12.251317139162087
6.0293067081842,12.418674983247811
6.859792969233679,9.928801199041262
7.2820701791158005,9.963295656526357
7.53581680314331,10.353690598414284
6.123853361366112,10.265051475376298
6.888643558488065,10.975310099752159
6.6121408450170165,10.29852432042957
7.117081584203315,10.66568351763648
6.280330385081216,10.392634902528757
5.716307680674762,10.941695066768064
6.378950900361008,11.829939249973407
8.130013063073962,11.755189882034315
6.983162651763195,11.247482945060025
6.141590457653804,10.885943426087994
5.808653754814448,10.892058177651169
6.287261726958243,10.643100182984131
5.80101783612039,9.188258013504335
7.146393118275591,11.37456372327769
6.873404626831288,9.976279638184531
6.246794339954813,10.47111596479267
6.610486585813107,10.885134030288286
6.459578386310668,10.236407317109304
5.70806590033606,10.014951307685319
6.112484517953639,10.860124898713515
6.631773371384533,11.932228478208218
6.774480685312601,10.221557559999052
7.744985978664335,10.853043996508898
6.565824886761071,11.209073805201026
6.285431494664486,10.151173470451855
7.477846353117229,11.399579403273215
6.978291649635056,11.60368151586738
6.1600077214618585,10.74683942957105
6.675380140771527,10.292676964592841
5.889919619572182,13.52032106987553
6.978015340632924,11.985512450660416
6.46604341096723,12.09731091715098
6.868940423190594,11.299832150646287
6.508155661552012,10.756934632881508
5.930242764718438,11.400362754828123
6.007966503080833,10.512387265301795
6.757824646812834,10.522681886594626
6.797164961295281,12.746717660691896
7.065718249932548,10.807163277833194
6.7648803748631785,13.20914752662989
5.61157332405005,12.20022805510017
6.235513173605358,10.175889581944878
6.692031749260229,11.733763893631213
6.445605330035684,11.414035750535321
6.387610953331738,10.427712753083691
6.902049400168397,10.260880449513873
6.9910546531292885,12.604796739964144
6.561455744787746,10.144685850465718
6.189332754235012,11.09683840398482
8.448064544967536,10.667605052941967
6.427650602127351,10.65853779224798
5.784025248326399,11.28441570498457
7.405710554345213,13.501182112331907
6.705606145434073,10.565559124094044
6.7850235358177065,12.093333468341179
5.291800546766134,11.961063828735291
6.012578259441192,10.028973380310825
6.659538396438486,11.004610638098912
5.849445260413284,10.153058919090533
6.045389463033523,12.904916657669315
6.964284000093482,10.884599892601825
6.6165873605668635,12.375885567735395
6.052430489012159,11.34838922747006
7.018112234893662,10.041766835264337
6.6232158258315925,11.235643244598853
6.422581288899938,11.643460129911839
6.356782507317292,11.04793790278675
6.320654640657217,10.605962840016666
6.3972115537874314,11.046030107994477
7.082015521833646,12.384981954643157
6.959587011582194,11.610217636542473
5.891369011752752,10.466793669655688
5.7132138540746205,8.870197527708621
7.4531008638302305,10.930326151561996
6.1005559593131995,11.179801946892649
6.819790471960848,11.773489998524193
7.223160641993001,13.527924311149087
6.087383329502446,10.513994527164678
6.3936416128699465,10.919562209055846
6.722925086508724,10.771710706167823
6.732360552297581,11.082500920247837
5.567349883755655,10.471492905885087
6.437231420996223,11.998604264137851
6.04737552232015,10.917059727639021
7.342205126876862,11.301868765729226
6.505019110459522,11.22375966355119
6.05446593203926,9.58914450664665
6.087178976198895,12.718606399718162
6.36014181697823,10.587596056046511
6.169548728776975,11.445895692529255
6.569731259217876,11.002881167842027
6.845611350780227,11.908338858902335
6.505584832197787,10.262709233950162
6.552503623251496,9.558296179224207
6.68290672198601,10.651565340908183
5.841943602858873,11.108725791302865
6.139553302259851,11.182223137198656
6.730762506290404,11.871352247950117
6.907097044621391,9.906242234861594
5.924021916649755,11.166308381820368
5.830454110229874,10.892348592224112
6.881064368771052,9.911796209624825
6.137112133794781,9.922537302788406
6.659013070417898,11.927678549315033
6.413186447664598,10.619222281280544
6.630480488176238,10.795965010866096
5.998323730901478,11.151772809664518
5.99668802152862,11.09398981417187
6.583590268426937,9.82712640001791
6.911189553262292,11.20744496445205
6.883959200931683,10.739314802473537
6.08805352552518,11.741633751327196
6.565672453054434,10.682005029642855
6.364169176603913,11.171633292747352
6.302071039567606,11.784934185681987
8.354074448015849,11.588111618132007
6.954924965249264,9.959863597948837
5.7679889184177275,10.790721070472202
6.85774320149621,9.640411487643014
5.671760945907487,10.569143616397156
6.710615902675115,13.111953393133476
7.796421391882661,10.200841650650949
6.362655101613293,10.307590636020082
6.724113279838427,12.234491512754095
6.59314615667179,11.071136781077806
6.8557573387465105,11.076776626400147
6.6133776591030715,12.105974107928326
6.648412814472523,10.088358743896594
5.982177324346324,10.774340709205779
6.726507911566772,10.822868147229958
6.451113162429772,11.326656540086923
6.426219316977114,11.592798796846933
6.399133474738127,11.094452290535243
6.677897208751137,11.217754891635636
5.8092359383385785,11.394830074455012
6.2753315315165805,10.297523170777222
6.073767678602077,11.38069479748226
6.757481678879399,11.678462248930428
6.38349667321974,10.456495469132854
6.492860631779825,13.090992597563055
5.935594137083492,10.398864207874727
6.103710472082323,11.200670011852988
6.388794512043224,10.767643876450892
7.335748694108677,10.369678390230524
6.795239376248534,10.268002797729148
6.284262077317709,11.749841382189626
6.13822875424522,10.659294143181807
6.430350956446674,10.407836500499474
6.594921264228797,10.814827661072005
6.582376154936943,11.392719309138554
6.360498332979441,11.168856439214641
7.0886876665448995,10.32549815562394
7.093613216374468,12.308674449334019
6.492307639111877,9.583517229156353
7.0417612093066815,10.641271457047
6.6444820301970555,11.517047253792116
7.08220836750399,10.171712498875163
5.874612089877876,10.791517926271956
7.417365708726281,10.97401902110379
6.77614838650367,11.082350118573569
7.321761861053607,10.801117023315987
6.403476892392406,10.380448219817055
6.005795554465317,10.765224163054219
6.188224410968286,10.860995147868554
6.763330147412329,10.395462469748256
6.468476779335296,13.118602753855908
6.337471225635309,10.3279613369618
6.421128174649722,10.87838600342526
6.439930696073732,12.070089709546968
6.833417468969142,11.03108397236534
5.8803651473242144,10.51554017271482
5.7097295249524755,8.526274106620987
6.377253287314656,11.763905076909735
7.483666151730418,11.738107036912895
7.009014869239136,12.617022421323483
6.534698402874369,9.789848498767046
6.075232099324966,11.247007486984431
6.095617922568006,11.212673366871746
6.737870008189583,11.063902926821573
6.112310047825387,10.479244526561024
6.708148646485329,12.006413902217721
6.53930209017153,11.189300963445739
6.193656102545388,10.144962962200712
6.362126601749319,10.819209829123393
6.883794995137678,11.300458845288551
6.250427953445434,9.352037073019954
7.040195166779713,10.443911730314777
6.55255970048175,12.642504621671945
7.403915857425767,10.575935456603313
5.725643011134244,11.18042306772078
7.006706628486004,12.403057586317741
7.544116441742678,11.866629679002363
6.413473760197109,11.39370653458911
6.103190049182245,10.891709909758454
5.734029549806268,10.292450289742622
7.600679874772456,12.911266399318944
6.613239029440728,10.005075108934841
7.250100923395066,11.737704010506292
6.480664776085206,10.880188449452335
6.876259642024112,11.410737919017453
7.88322207798493,11.238343661694396
7.086245900266027,11.019631863975269
6.838055501558044,10.990070521779526
6.727005201324388,12.460072240767937
6.8420260955500005,11.238041639658292
6.730097022842748,12.882090671110618
7.039536687556298,11.605371041421742
6.165195529133454,11.646675932069051
5.940760577026713,11.40091658941213
6.894346524852849,11.281777626195217
6.713518110077617,10.979673131300197
6.154756570461308,10.258954914210173
7.136347548616047,10.158432620686698
6.816830153441445,11.66261456883575
6.110292413701943,10.850390403129161
6.475350051330492,11.580933832533718
6.097089408826705,11.69656778492553
5.929883452691201,12.85668358840199
6.508172278583994,12.563864151822502
6.112097741837663,9.961275625824081
7.041050129090298,10.434556721260863
6.318301566619202,11.176931833994976
6.153918726993278,10.184194845234638
6.740596869257796,10.45410341566772
6.628174818083133,8.423064869096205
6.83480643455032,11.7218715807503
7.006093058765229,10.984960488943587
6.212009368932401,11.356756176443744
7.339452715263061,11.468770835018924
6.845480687693787,10.617061956216764
6.185239246660092,10.960300243812092
5.966465084955234,11.194412936444373
7.151786918669767,12.084213385890564
6.931319309301185,11.605604685804192
6.063672323978654,10.876043954900316
6.221484003081029,11.224921801404323
6.371560713715037,10.190505935598214
5.760560291200593,10.633443343745771
5.860129477115607,9.84634093535756
6.627434434408025,10.851472560239962
6.148098757089362,9.828589229334316
6.160068172896377,10.785202063199863
6.4445208768034865,11.52486655702943
6.199656678713532,11.703959540700813
6.099352764132829,10.311542089971574
6.595214257800842,11.359325513957828
6.935397816642712,10.958014855105183
5.626406157460577,10.9739284225023
6.199845597823138,12.858911911046498
6.60074105681266,11.81595088133384
5.785442378577298,11.410796098733924
5.827984195064701,10.3859026912597
6.945648482787771,10.501090605286866
6.3606536723322495,9.770723432257062
5.540430984186723,10.481477669321146
7.589476714524718,10.807545550673566
6.424850932812522,12.380230209619807
7.119204209207859,10.540250785417761
6.203674617547548,12.016132878797972
6.489890524466847,10.76578118720412
6.024055500935353,10.99142424138423
6.296557624511907,10.178207224696152
6.269410216139355,9.71441544538893
5.89302680752711,12.346157349199876
7.070269802769619,9.405817673460195
6.007403718736477,9.970638469341218
6.260959572282643,10.48634115090847
6.218926238153547,10.243408564339045
6.339122647759238,10.3184223230298
7.210305338023861,11.247879179993907
7.203025692658819,13.10394928288618
6.54870232992239,11.169645893440029
6.536626774354453,11.686070292819453
5.7187115871660215,11.291188067494975
7.283570799601706,10.235853012323519
7.218416007741047,10.652499879307038
6.584818489892354,11.838508631926636
7.011339606337642,12.37488619774713
6.696509747688347,11.288643143017627
5.764595835004057,10.38538492172496
6.1286638827573485,10.568664149266617
6.772730809439701,10.259051680922767
6.1909917423127485,11.383227478093959
7.399686119404003,10.478479943971369
7.595866458238404,10.971699432514454
7.030663634122287,12.833479280277796
7.231179994773479,11.420047804262365
6.550381209766927,11.570026778417159
6.820269539203404,12.664820274302096
6.651732843827748,10.380263223417227
6.220000696419556,10.577909586114796
6.725448350885434,11.99232121186917
6.825696422831251,9.62667639609268
5.945132789439,11.931707339247513
7.155636233437511,10.679678385871954
6.172939582037887,10.453996669772305
6.605177468135603,12.020353579288258
6.678189456594807,10.19904549039554
6.925298257948138,12.225768658832248
6.645191049212159,10.589060785151853
7.269111697279275,11.650993422853443
7.666068384612958,10.95664423754843
6.171982705545551,9.902764049135603
7.545972351110069,11.044659915539087
6.755818158620583,10.534724123253339
6.1487583149669245,9.853302178836067
7.655581914284966,10.02131104742433
6.812543724069009,11.869374009673887
7.243047795391533,10.54522053325339
6.043678640286708,12.63098396860972
6.990251363736603,11.415021463414908
5.886461632403994,11.376185226345203
6.087044417539194,10.533486023999641
6.3184269936991155,10.219783653518203
5.897866809749692,11.232973086548453
6.152455392977832,9.512706124267595
6.964701436765002,11.758139557040586
6.387577957769478,10.491609012648558
7.020874267471304,12.097280027400684
6.27912004867196,9.681864077332056
6.363498214969701,10.418488144099637
6.940918784675791,12.099036289513098
7.215069213953607,11.200539132262232
6.26238204990865,10.002044566988895
7.409729672500002,11.233961437304325
5.8813143608607215,12.380166390158466
6.673710542560227,10.996942488894689
6.3202814792368365,11.32623862168296
6.715805691455322,11.731551484921349
6.232678582649376,11.14005921879634
6.456706436071712,11.875271588760455
6.689806512705904,11.15448758636693
5.759062856353259,10.048944282871007
6.719405668171458,10.831252123779366
6.0382368131166775,10.763674164754438
6.753857536535886,10.806605514928327
6.272015484738827,13.157761909320472
5.65775523943832,11.668018511223076
6.781289586119878,11.734461896859562
6.850907621917453,10.890612411793226
6.075938639825638,11.886033351506379
6.933982399383898,12.01582836016944
6.509174186897411,11.330503264348478
6.598965288182745,11.60837160140363
6.183402946362439,11.948033152145339
6.9272469639701,10.73143267259828
6.758431605598078,12.345339455017074
6.607588501017704,11.217682183211283
6.888432461600463,9.941081734104355
5.916024222462201,10.938636720500917
7.307383059674156,9.936391590305584
6.128882065820624,10.759821872442611
6.534613747831192,10.727675338433938
6.314525040010223,10.408476262156476
6.842012565973701,11.848147596065198
6.7681049582417945,10.257645376424167
6.904907128916013,10.764652778022217
7.017583554422907,10.234117681953625
7.065331441527073,10.977330059082627
6.941691688814729,10.459030205776976
6.553289672393164,11.435948170467656
7.37015097915087,12.536070283572661
6.606182443267526,10.520911046591443
6.080880467852962,10.408941359303247
7.162620949923437,10.630318308622423
7.145510028140293,11.761783164625033
7.30407839856947,10.92455750973089
5.875620622843249,10.831357054929155
7.199019842184714,11.224576509031309
6.766669487701416,12.0766324109266
6.220790869102837,12.31545167535516
5.840810100084914,10.964515475319384
6.527554648903646,10.33705457455489
6.3118927387629995,10.921407640958446
6.832839828859463,10.771536123199825
5.893749143604011,11.235393497953984
7.208304307529587,10.340369960492025
6.615750718657587,11.625059137319848
6.48613848506725,11.693605169298394
6.629631191570693,11.331443894865707
6.4577037875870875,11.029080430151451
5.648817358643794,10.63243788037675
6.4083494288329055,10.655065361693294
6.220669088578712,10.41138850520617
7.0301276883507535,10.603542340540965
8.000628133768215,10.842303695104167
6.983239114832572,10.620209208362091
6.854752572781557,11.717625995101297
6.780867747111464,11.71870532429887
7.0097981593288035,11.672170962685335
6.948384356311982,10.98114165617747
7.099840795697794,11.506104364794469
6.600681607176464,9.928448928302883
6.791354258499153,10.663399877153386
7.8109973371838,11.052401598871722
6.812798628952685,11.624841269516468
6.2842388518147745,11.356986643114256
6.416694943463417,11.794485616436614
6.2104050049782105,10.879269499196933
7.248768764096394,9.868115640830771
6.978676479994375,11.066285899658181
6.6338057845258795,13.412329926139794
7.28816779155186,11.069005551084773
5.925177827286548,10.339567217181607
6.2531582528617475,11.629659322971445
6.841223707519659,11.161520556326902
6.517474830150234,12.596611285423347
6.186338881370172,10.10644020941593
6.576036460767378,10.966058792221894
6.936263276914775,11.434480140665434
7.146801171331563,12.643015448541762
6.245184845638325,11.278193935115002
7.674644626385494,10.430380830537185
7.666968318118707,11.726628931748905
6.276354238947528,10.468841602245774
6.411545224665255,11.856355696064185
6.315165714336654,11.840790592953159
7.033305008329242,11.841642606051371
6.724973421890022,10.648492514107325
6.19148797544825,10.243388643718573
5.895198999579226,10.744630317264448
6.37010678598856,10.95863964284758
6.635337879235887,10.580891785578443
6.725021949201269,10.77768172740912
6.426509025336122,10.825174441371324
6.405495666192148,10.566083425647133
6.318413187235952,11.944356177470704
7.109641679062469,12.645426413880884
6.045983381767013,10.521904072549717
6.7750170812148465,11.734937382377304
6.407759710315293,11.60361754138073
6.049739626969105,11.347333926334683
6.758022323417666,10.900317967037331
7.335160014049637,11.093489863129088
6.283608636052285,12.082399275950102
6.571748309114079,10.37633909523616
6.796250716975813,10.838884803763602
6.742186628334168,12.04580314444189
6.284378718359961,11.06018179100576
8.018292049406819,9.62225786762168
6.595344802091409,10.239230289332461
7.133260482997724,10.417961393843889
6.6466683247512,11.745124950952006
7.23270557313258,11.209369214197034
6.577136637464826,10.449910416672473
6.300701163942959,11.412814699824256
6.8634137210710096,10.104260979026233
6.297213071341458,10.479155726580375
7.065733965949558,10.626471357936897
6.7321423478426645,11.072043914105507
7.079255525123444,12.366063735850348
6.548293438217397,12.420947004175064
7.145302856691242,10.767248162475067
6.350423512064171,11.872294892534434
5.965117358132488,9.869061484601467
6.800359286920786,10.526076241712977
5.483407491428508,10.390090707522798
7.820905524197013,10.785732506533542
6.918337055301341,10.869834339467504
5.907707178607563,11.539321351995891
6.378114140354603,12.901940298457403
5.913188976159528,9.100729531017247
7.390069671053287,9.605381433082998
6.432405013173367,11.604981046006742
6.693718299425068,10.428501004798628
6.685549008597022,11.90920120581566
6.3248433443981575,11.435161133163389
6.763506914422931,11.17576751301703
6.187236036699946,12.040821837428954
6.191155483348701,10.824994922178092
6.122810134185834,10.285330459797994
6.5880046392211105,11.072926507652083
6.872115968311079,11.574156471352474
6.314895724874742,12.657801760279167
6.342190829532123,10.003230210671564
7.191657410735871,11.420263612386552
6.375941507066339,11.553970729386178
7.211776126577673,10.010917609753239
6.087908227047024,11.075337034897736
6.406360578886823,10.707093939909207
6.367435748712989,10.797421859026153
6.104769206261898,11.655766317014933
6.674893714621955,11.988496324036674
6.2000948403211815,12.820264857215392
5.844602949624877,11.444355941243495
6.736246118439988,12.038187797131554
6.472091085530884,11.58519398380798
6.016286864939348,12.22498607059885
5.8491493959495635,9.604174703611017
6.5334721884247315,11.005490284114993
6.709899761699656,12.071330470843005
5.603746618598398,10.95276081489814
6.051505071027742,11.382766049789915
7.453703204300017,13.372959072247264
6.809299930267972,9.938284915263418
6.2749935674162,11.361662300788517
6.816637787431302,11.055994317109267
6.513743776187499,11.367722030375628
6.355770537683662,10.278709540583831
6.726242501379113,10.855150706594461
6.854585402362888,10.463520523949542
6.219867819386929,11.395265753062679
7.364299221145531,11.029088534186759
7.36325439902758,11.325410492654063
6.409166789607738,11.007804842243683
6.527120351416355,10.860673574353044
6.775449866647966,12.25378912911012
6.437023495699196,10.809392088706966
5.9658647172874755,10.956391833161742
7.065517991162607,9.807330764415727
6.470182822026593,11.249156623138743
6.295671459318875,10.007521064024482
5.723989146622951,10.653688772528213
6.7294172716765,10.539522238244382
6.157252602246047,10.022211662234481
6.659599878764387,10.185774533125201
5.603815697377103,11.986410159347813
6.385559298374025,11.409947433484486
5.093952335965571,11.787411251635557
6.708148646485329,11.203220454715835
6.518635118745324,11.54212153575847
7.620049316601207,10.307203524608415
7.306642429684513,11.555987187365249
6.7110538814177465,11.426932729099555
6.726231091687906,9.630620418867071
6.219690623463236,10.449802293479625
6.746317188546386,11.986594393009355
6.45818693510268,10.797478517157945
6.196999410764106,11.857899821701201
6.337659853453228,10.669057775275842
6.420690793418889,9.598313036463866
6.9921337157973475,11.476290612131203
6.331266129276826,10.650650595998398
6.941502253282215,10.31532556536361
6.426519669153934,12.630473268719749
6.979348972663074,11.042151247618321
6.575344391929205,10.536583033253697
6.7426092256561985,11.609245166857738
5.993841917453757,11.121895142159977
7.902987665196137,10.881610531168402
6.465790538834425,10.158324303606088
6.097217172836617,11.847144655585671
6.319513199032311,10.890458262310602
6.811310365046586,12.234133261045946
6.054551414807143,11.63697491377907
5.799138699119984,12.113860567924313
6.7600375076758334,10.999182373246423
6.977435239408721,11.89976995242679
6.523068957850995,11.670076354009414
6.9915190829254135,11.083448923033625
6.875208043888645,10.500222586329281
7.181943402136056,11.887287801770169
6.75957213631877,9.380904890546358
6.718826159762199,11.069878668261326
7.565926377704289,10.642492599729081
6.730622558042506,10.026508866241796
6.32061958781499,10.58506576019733
5.969880261352309,12.556423638106754
6.018105808501073,11.973288853108013
7.5131318776672344,11.57033204946209
7.1240144806403665,10.13181868118249
7.744783429913596,10.716453147915663
7.0013168065102995,10.808793900211072
7.028145115330411,10.719185044587512
6.104574909206929,10.66001812804827
7.064888363589618,9.734418024628535
7.176636038608816,11.425700509261674
6.394457409029633,11.402854961048513
6.14353295222362,10.880914714152489
6.366097233393185,10.255435429614574
6.186194960047403,11.062877580706386
6.136783928966798,9.647867840564405
7.007650605605089,10.311050196606677
6.498419756978088,11.570361492923587
5.6033856322311735,9.722043600734267
6.9225282892063325,9.75659977108079
6.565209117018096,11.290539162026615
6.665908067668918,10.718529104595252
6.1336347768321735,11.181914788028115
6.837190170129781,11.096314548880416
7.586095289484197,11.102710260975636
6.7954086998911905,12.175577487460842
7.165193176526622,11.159604209138367
6.086773085348653,12.375558419148382
6.700307377161548,9.657308432107458
7.165314687840326,11.484621258735567
6.16303217589158,11.337175923620489
6.767088822315264,11.82722270844062
6.074666233292912,12.257985836717252
6.9594567380816645,11.565078100516816
6.719163937686222,10.897247665316273
7.279431043058729,9.692777711409178
6.792268813337011,9.619073891248442
6.281739362274973,13.551764312854695
5.923329124623467,10.5087979824529
6.219408721521527,11.0053308036467
6.189960411340599,11.922415874612991
6.235616411714967,10.069842247039844
6.354568026258657,11.308176674461233
7.344088145273922,12.184549979504785
6.46925960576084,9.725356235286583
7.180804612825543,10.44777005421752
6.71026983744392,10.68858552634189
6.665154921833648,11.240875195447034
6.937843009296878,10.874169013485599
6.654663258390675,12.298806229680112
6.622353883198375,11.183491185134688
6.9806558526251505,12.585131991149218
5.60225840984251,11.309421483738019
6.485468686872075,12.87785463796701
6.453891184477949,11.63472580754299
7.4912931973802435,11.37761888069856
6.804811217394551,11.912439631740716
6.2195911518676725,11.042741433650317
6.860612831829639,10.398674134537664
6.465828878063596,11.407951476043568
6.316575857878413,11.037879152005464
6.085047108208646,11.176181998070176
6.409265042360283,10.706334842564376
6.990121478734437,9.58212410811084
6.6375785451084335,10.439642132805162
7.171605119332492,11.364782763899102
6.713858578501521,12.148980323275529
7.141829157041218,9.97864542088542
7.01359960452619,11.503794799316145
5.973820229220907,10.811853670972047
6.722178008666495,10.505772431094778
7.736216456364291,11.672293407413017
5.668653315293907,11.462734777540955
6.288469944449328,9.277467969836348
6.9617803553557875,11.86236700942354
6.518258423780764,10.654762357990064
6.081098101399839,10.0032313847915
7.053238876632486,11.190059782544655
5.905156568982943,12.804561478285565
6.6694694728141695,11.88756508185517
6.453273559215302,8.86882926444054
6.356923083124584,10.533387842304917
7.500463314426689,11.257843740165892
6.913026773907571,12.703289504702086
6.609672637719572,12.766921449246931
5.681509506954573,12.34187464933963
6.894621604906183,11.230004225371804
7.351337262074054,12.09527596032556
6.3897660262614515,10.885337996387143
5.676237198589096,11.01061660170853
7.195693617954992,12.332732576812127
6.627585906741541,9.886555148217957
6.989406412442838,11.14303330930454
7.163875061325365,10.76570946257471
7.157054213190392,11.626716922858858
6.6818345668880665,10.797152598584525
6.488542920186238,12.2396448591797
6.7638698022434545,10.400294418135685
7.298678570639404,10.330553426220947
6.764605097677588,11.65636494817789
6.075004508056323,10.428714992309454
7.330565625175972,12.663286283733274
6.190873224274143,12.252868918048996
6.71088186532287,10.523794219270107
5.875662896621969,10.511199806404218
6.7817616234159015,10.447940906646053
6.553050679877871,10.841591420064145
6.554267633496195,11.692052926521738
7.849482701527235,11.180624878163677
6.317812426172943,12.547610394497417
5.787295763457396,9.757245173730723
5.8774589006381355,10.549828164798981
6.879119066618179,11.15471489001775
6.505358948837132,11.679101648227254
6.7316620224445085,10.39009075511695
6.529795983623622,11.168656132083367
6.381841920052375,10.487876514060922
7.202970013389793,9.448345398425856
6.188466009322674,12.068924423447418
7.18063350980357,12.523377266971345
6.827707900750316,11.735432756070457
6.366021479192266,10.481223129162275
5.95046973806736,11.097386500860743
7.087059981498323,11.486484033642723
5.807910842197691,11.598189542692445
5.962706162736377,11.180074398827157
5.836127046263277,10.47847603662059
6.767066940907157,10.731936743784006
6.771459392732305,9.944412345204874
6.151800554245174,10.310837472075434
7.0073632981867275,10.671988493144758
6.7457746619295404,10.269387458618215
5.801032819050154,10.93853334906299
7.490788998702784,10.38811600330437
6.935252332969918,10.709747716770279
6.950333959483573,12.270904023128287
6.175655621563152,10.102184849457684
6.796525905358816,12.228409586053337
6.571438109298533,11.728636276965057