6.82224171495978,10.459980202460143
5.950304512698483,9.596686428113191
5.173732494798534,11.185241975436226
5.656625185568704,9.978839646909147
5.830266816976448,12.263505483158081
5.0482904233709816,11.028166901047118
5.801704575740257,10.104173011543114
5.669717100782683,12.181851159578063
5.614126453197143,11.050820931092947
5.841594915343809,10.135258537963873
5.808937859082824,11.283626537903535
5.327500317782415,10.98478112787829
5.949115897486261,11.118883437826634
6.132297639626023,9.891839649461238
6.059002199284678,11.579323265165927
6.813159765386896,12.852965803976062
5.82037772188257,12.250682425101406
6.030344706088284,12.180427931686426
6.923305522357579,10.819967931363088
6.018598620980725,10.83494447637268
6.176302097858969,10.777030561013714
6.070266616522379,10.831385803811354
5.693984144941857,11.477057670718036
5.457210254519834,10.60993951619879
4.704084617227761,12.104329400548503
5.270519733994908,9.5293406821481
5.328344638720104,9.391312514101637
5.679441690461588,11.657370006636267
5.523296982508253,10.569384396206337
5.9717924772278295,10.165911535271974
5.42893568608056,10.596219445384609
5.306608268694244,10.524531218581988
5.5163633569317625,11.506897598125216
5.949600329226783,9.923657843534048
4.851304265887854,10.932869450631337
5.8637847198847455,10.264384769370595
5.594519467326455,10.60332575472565
5.82524048569385,11.22862577651284
5.6300720577259735,11.548809281176664
5.818584761033731,10.707614651427024
5.800796814927475,9.350243358823928
6.34638743219126,9.893934322972626
6.246582716254192,9.993668038728115
4.842688196061975,11.241292416592035
5.488229273054002,11.912116361290442
6.08434291067452,10.44717908166795
5.321262650455311,11.040877794548228
6.000874920207379,10.224622297227468
5.080112703452071,10.593458514494445
6.773017345692941,12.273100446744735
5.462152158199665,10.87047264687897
5.4993975553130365,11.688585802008788
5.981649127486821,10.771111409863309
5.831425366318398,10.466217915223899
5.737559595253805,11.054271089351335
6.2552159791017745,11.066865380277333
6.943060355027258,11.0687923930902
6.342713842688971,10.859936831144564
5.53316899384068,10.198058199158847
5.443987933176969,11.601884364683462
5.736914286001635,10.063947294265223
5.737055624107547,11.54599053564908
5.888490410296878,9.68239620056947
5.940212686450985,10.620836794066998
5.212907038756212,10.21518294875176
5.753050450769917,10.36850259740784
5.4585139439715835,9.486657399277739
5.411062661709126,11.014718518672778
5.637906361117228,10.488309441583658
5.672454411308854,10.913593315714714
5.311790650101858,9.521723570819947
5.697023439005531,11.082575476434185
5.484372101203645,9.061635009761162
6.134101099695639,10.763163199434665
5.720304093121968,10.495630923188571
6.592619099859356,11.511556463140066
5.955931041396418,11.162145943068015
7.228705242547533,11.637753473792053
5.771946259218775,9.357959649456602
5.491214702691091,11.580568307039162
5.985821010593138,10.146307266351432
5.145703305826583,12.00877484153655
5.26728251693708,9.416083504788107
5.390095248323814,10.512233430069834
5.236077561757057,9.873890039291156
5.540489068214717,11.782976590655169
5.62133063385329,11.67276470706182
5.6758990660562105,11.081004023603786
5.859787810009048,10.06114852791914
5.384408815808069,10.866695060353475
5.391105570867311,10.09488345050202
6.153864229742006,11.545431755979985
5.829160305333066,11.263691639059104
6.220637495602818,9.557350713877307
6.242708712763316,12.575454195580939
6.399194626906746,10.04794207858137
5.785929739975108,10.024860860239777
5.704682924143191,12.217074599513776
6.309506070908317,12.498023303739343
6.17326290006722,11.221255582577836
5.78649154048455,10.941297041686939
5.519057315944988,9.973343515151898
5.7845461215393,11.046201003779673
6.269417262887657,9.668620167253517
5.4718018237135295,11.272794105795063
6.89061422574211,11.557549632117237
5.6117963040815475,11.19345012551144
5.472797638894134,9.098316258627253
6.17549719868524,10.55672852481081
6.319979115800384,10.657815101377398
5.2790176719210775,11.810432876449562
5.581933777036275,11.651628052716614
6.017102246453383,9.698732178930756
7.010116791766901,10.495896924249049
6.028988747939307,11.622519544252052
6.109786343241099,12.459420606175962
6.1131108955085605,11.758854261403256
6.790052153237575,10.187804072613321
6.316020972158567,11.863664685375817
6.032577914083976,11.3296054748717
5.947209258248396,10.425041714852956
5.796785527485836,13.513425134483732
5.528331888095911,11.097108511401892
6.241915999702005,11.220922088478972
6.24544965310863,9.97248762416452
6.216054732138093,12.469862375528379
6.472814932772019,9.738864521206194
6.708722965429541,10.291103599068014
5.4951461920838085,9.432278866125298
5.903133462672216,10.147593095750366
6.311226637782991,11.56727493301004
6.273227210143411,11.633203696919072
6.502501250508452,10.263648108241181
6.4867077276720515,10.974917567003986
5.880733497470224,11.046685511125117
4.915009157159372,10.557756553882959
6.6462589205763205,9.989841970533295
6.310832620046076,10.445466505668666
6.274957630180424,10.847666775863269
6.161206458288885,10.490854579755965
5.513844804338684,10.864414433697437
6.097513597824056,10.456972493162658
5.510473497163134,11.411712986037127
5.683059687772681,10.796734624440811
5.153840964368791,10.752173589423537
4.980759762590357,11.19091018783595
5.7453995091036525,10.841840248489644
6.404603249314938,11.412166363085582
6.04171217381093,11.118383329212952
5.662306357934534,9.713838605128652
6.299641813354526,10.394322227034328
5.656622006955771,11.757061527670226
5.492189479472733,11.767411798223689
5.869834370328076,12.587706843569242
5.707583573914489,10.259146801614289
6.342006270128416,10.386564796787525
5.146469707513838,10.021327870790532
5.493357090373257,10.872242509109109
5.698650007716366,10.314413575137133
5.771192866276181,9.847249780066504
5.668506244713564,12.023069319425238
5.449124104796843,12.509641391367639
5.954221252603679,10.35273177705062
5.575922646438765,10.865395170688046
5.42311229181284,11.012009591392326
5.59128352833316,10.767633839796625
5.808112322848583,11.24427289431302
6.082957579446686,11.41955908887837
5.091907637297249,9.78219203885268
5.090256230746981,10.409268415873468
5.09187461509553,11.734799447534936
6.3323606125967755,11.266014323650477
5.709487512721818,10.191234479392511
6.200643082977342,9.83351731319511
6.0596378426794715,11.170020040835544
5.970837684007204,11.332018639573292
6.3786179862069465,10.561412723370298
5.015226024870618,10.402017455311167
5.8312079477491965,10.954269770105451
4.868169272586788,10.720374445777455
7.209141395393096,10.569984025780036
7.680792513743073,10.395651017602257
5.430110919419096,12.729024896117927
5.43747227828203,10.40896778393716
5.640349192408746,11.462892801060633
5.774479687494617,9.828838065685503
6.9083131422293365,9.929703648402572
5.215439712095306,8.865271179564457
5.867602589113414,10.178777514933055
6.5026577435723345,11.48098643691635
5.281034340841972,11.972471219787106
5.710899491340769,10.869620235134253
5.317674678582214,10.516517583091112
5.463263917295809,11.49417251943479
5.499283036860706,10.588691245948795
6.425126389260598,10.505114313854374
5.543206204531389,10.8490336896314
6.429402837704519,12.386686650775983
4.978589663360588,9.872218265542553
5.629841446158276,12.27989553359071
6.313017016119355,11.909183501278513
6.280656111896093,9.991976828192762
5.89199126652777,10.662369602130816
6.039404509370301,10.87317795058991
6.690566727820607,12.471094091994027
6.203948670623261,11.362554902966993
6.3843192903205015,13.0898297913793
5.762621772078292,11.957542498250449
5.9523688294782096,10.387100859794014
5.428379265751416,10.277063539266269
5.203543789454333,11.474990235677952
5.745599918546378,10.00019394730901
6.61336020810215,10.953836185870173
7.149058695329356,10.547049189509725
6.801183245180702,10.284669084669826
6.697447679892155,10.288486755723953
6.18932307644757,10.440150719479549
5.589726819684971,9.703109784777322
5.305026141663733,10.633816828638373
5.970983178207944,11.058639767257501
5.634149890182748,11.851299856930082
6.11762073714793,10.416821677720474
6.254760114162372,9.641228496078538
6.796183628406101,10.02319885354205
5.739305629440452,9.987637640588764
5.6396111933472275,11.24976093059379
6.500617485359526,9.254851347131238
5.374550551929599,10.605674435324456
5.946265118217542,9.566325017975288
5.805553644777331,10.353215142363775
5.871450670956851,10.77406659761637
4.827681688664744,10.527978654242409
6.118790182272713,11.851625707271609
5.786407568438163,11.615496525807975
5.421963749760848,10.436228519832895
5.997898783790957,11.896378497031156
6.43095513870386,11.761817420551864
5.373955601884782,10.861746511117987
5.516715677685667,9.751028063443956
6.182831067302306,11.402219599882006
6.1094121944269695,9.794663464903689
5.209449021942224,10.29177349323229
5.995331477452604,11.794395971653037
5.190263034534716,10.046156501578205
5.638678240273172,11.936398079225057
4.922797174599226,11.65600828113381
6.412588063866914,11.616964717240183
5.899076678790691,11.45997587451396
5.946642042930044,10.926876429621487
5.825518301556221,9.574796508534824
5.996208365587637,10.182067352386094
5.868960645384203,9.467526415088443
6.231120382553814,10.096461023552465
6.347269653494551,10.708390271099011
6.218247215335312,9.242608394410944
5.927383286293708,11.54155743531529
6.126623423504576,10.889937956220736
5.320286606925162,10.179901715193667
6.104342692643595,12.599593958401952
6.017649896727509,10.334692684189006
5.057471890074666,10.653348427921301
4.8298401030186895,12.141834201341073
6.960073025229554,11.238334599082517
6.275058497736636,9.869036191204561
5.547623210243436,9.84594612136418
5.410156585327452,11.285696199103342
5.365887901306816,9.449557351891507
6.4904060632767475,12.192989076636868
5.407342991991294,11.329194392988123
5.347415397613827,10.360514943465645
5.9543479470635745,11.865695437740237
6.033371941237678,11.455323181697484
5.212589510911759,11.70239839841183
6.744718978717163,10.68609776231764
5.859997216107613,11.064561041848835
6.907027922632255,10.993591310405204
6.157201088624433,11.84206663263583
5.973314607578288,10.457231451794335
5.001517033368546,9.565836081674618
5.33310108116597,11.328593685368046
5.451779633719562,10.455737063180788
5.342216780312456,10.710574551604857
6.266933315097379,9.690828108424748
5.831427755945593,9.41460068176281
5.502121481590612,10.276679378319216
6.038842797421008,10.975686414324466
6.196326037110677,10.000530196315925
6.027628294372389,10.920179723104834
5.698381057194833,12.408855121629761
6.534613581946431,9.630843384344196
6.074532744630448,10.950889350300617
5.387512180153853,10.159784788612779
6.215003899620336,9.710378595114626
5.562759570051267,10.922583745684257
6.5545536628003855,9.390955929543715
6.3400021997193745,13.534721831631105
4.8931641792588545,12.595202937948324
6.723759112634482,11.781284459161084
5.497739501382986,11.081299326917526
5.207415293095169,11.232562655878654
5.7649028739396275,10.293047091445292
6.058022606861938,12.127245280369614
5.8700026708709245,10.121570741322815
6.1087705416927385,11.50913385923738
5.475024504165919,11.521710246383806
6.75437769195784,10.450719586119988
5.594962650313436,10.879995875631325
5.934442404213513,11.589449646154366
5.886944985077925,8.790280758120796
5.898752955219754,11.535678828152244
6.073639292961612,10.50617089037454
5.753856807786981,10.002382056561961
5.824847978706258,9.433789697945786
5.265395800581052,10.77295505958025
6.000077701128174,9.702388979316709
5.565109489935944,11.876766073656183
6.19175103607337,10.98404434765587
5.448536707078782,11.435553628070798
5.602299264950795,10.607066770371155
6.2884339890398655,11.129855980047529
5.532343449570491,11.442875245738595
5.208837181249124,11.084357897490383
6.164955322743803,9.575242675916112
6.0157917501975655,10.903797920523138
5.789374200370057,11.23541941850573
5.904982964852365,9.720322433002789
5.1791597139301,9.436243124507323
5.317316019799562,10.582568807776918
5.953354967394866,10.278308001431322
6.250063773549317,9.942917008254817
5.586352425908853,10.960498789829966
6.12085338181319,11.910720969525231
5.97968839035897,10.777438987438064
6.110568423156089,10.9277053080749
5.990914391645985,10.653334745568715
5.422731667735182,10.654098989492585
5.62186217662988,11.196589718769804
5.976838794985841,10.15187184969445
6.039618082349182,9.351616450833658
7.178411138096778,10.923869476541109
6.1091690679874455,11.904001409611757
5.615338083907679,11.337345448798374
5.3035385437182345,12.527882634499646
5.416298128563274,10.996732689500243
5.026670339497124,10.722739571478442
6.194175041767841,12.069508999884338
5.2988451896179605,10.184276270264824
5.5720052788770955,10.533330940346486
5.6929162511544105,9.900915845731511
5.590101846782396,10.769094759733957
5.731231673708746,9.738908113719292
6.186787703750923,11.912091583338896
6.824498083620497,11.302203571102792
5.486593074876754,11.36003304598855
5.706723965804554,10.202401491656541
5.991250869190324,11.267490948512787
5.7915927447724265,9.981304344112548
6.516819230885194,10.70272068367721
5.74476977503731,11.516793649803162
5.876223812959147,10.61068609305546
6.283064505727661,11.074032105268408
5.3161689631803855,11.394519895250037
5.352118289652239,9.401610382756498
6.018687726634569,9.335348578679296
5.298786648193317,9.725083305328292
5.060029650861502,9.101892413531248
5.706163841727786,12.258814295184132
5.296608414971232,11.854850062527518
6.481476434759225,12.109850210545922
6.2944668783127335,9.0896979686702
6.03748773792213,11.636278525461073
5.632005832962455,11.330771740549675
6.173581426889486,13.20117289783026
6.035667684741666,10.93618513750421
5.16504846920665,10.77024626106931
5.942375224103238,9.392904761098704
5.453786714851664,10.75286198429484
5.941136978268293,12.129899554359739
6.155909624092613,9.993724837731984
5.861012384835633,11.137334020770652
5.9804465627311965,10.21911575009142
6.059088309204808,10.786365354072183
6.394309853491631,10.670148477697131
6.208754525585568,10.190608284481161
6.128401377622379,10.12959899304579
6.388883293297765,10.68569531425219
6.698974511006161,11.766737375587827
6.792178317473226,10.180028280600386
5.941190434523547,10.254066606662162
5.3557808612596665,10.442740745868651
5.623247969939848,10.907676939763466
5.524354247512673,10.404336860899862
5.476824163416858,11.063682121618053
5.9675466399724,10.633098017553374
5.529288216809396,11.042208655035743
6.255430077223172,9.730210574448718
5.796121784135898,10.997101797912412
7.380676315055545,10.390130940044365
5.654619608833487,9.803443961135429
5.899341688249877,9.856085082856218
5.443435891920612,10.078370327023645
6.777105918097953,11.442545357851722
5.32027489579661,9.836095583289428
5.674500803673293,12.02240577557529
6.013651444577362,10.574818932913308
6.249646834303429,10.289722799348416
5.508984744180969,12.13694808542064
6.997311387572297,11.584732091431954
5.85982263103335,12.398174811896592
5.577207101878338,9.604424890358736
5.398951425509864,10.152626801233204
5.874306692790884,11.048832772451242
6.240238150747677,12.438497792145323
5.028089953814097,8.830008604007583
5.699785047005956,10.38436216748702
5.81575747532613,10.904920905212782
5.457930943950219,10.389217145653653
5.666435294095421,10.769074222726713
6.413379663691094,10.820319661300067
5.163656059928431,11.159270298879335
6.300466969934393,10.682797799494363
5.641033751424544,10.97696823065018
6.96799509802362,10.816180758320678
6.219785335799627,10.237072578923737
5.528383448594889,11.87951237454807
5.267533568361695,12.046292898361123
6.308852016143806,9.640904431210702
5.903626286945942,11.299818613746849
5.221370580847649,10.422138560544544
5.5863588575476335,9.672736616105148
5.560174817431392,11.137994953206407
6.514320546755992,10.736055723500309
5.5665484941468515,11.188942212381304
5.802339649644287,11.432383184612664
5.315099619820603,9.105892099754607
5.561665942166564,13.043568881693014
5.349794825997158,9.33331052686454
5.673030005851149,11.743245406247791
6.777016829349978,10.584862618051272
6.446916486879929,11.042220248638095
6.164156768097033,11.810134619303055
5.452359120759347,10.523790511428249
5.467758826435502,11.471057897839858
5.315471649288146,9.727651765280454
5.425539739443506,11.438016730669641
5.542060175157542,10.21197284175031
5.816618715909284,10.837143682174336
6.184161218722209,12.524993871500488
5.7880218750118315,10.336139305411281
5.386919731242429,10.568581349253472
5.755662663715488,11.490244108848595
5.873152273671334,11.304188099682817
5.420099431999959,9.834193992628716
5.882565426890587,11.530464728799965
5.154014852119859,9.89014502941126
6.293835193846197,11.976345851653164
4.9727504287042334,9.68459047951399
6.078774912793083,10.510835552005863
6.7052134804358365,10.948157373220273
5.478153128650551,11.602689654397109
5.498971390669793,12.84691627579503
5.4171763949975995,12.561896691105654
6.372378673389419,9.730439546825272
6.182149731386204,10.92920424465299
6.197562663285886,11.34065155730884
6.24635191092222,10.525011782267086
5.573492123253584,10.012746921694207
5.550786929358668,11.734822820559742
5.8214051103767845,11.784089852684053
5.8908503613087495,10.776628537784674
5.971442523530076,9.832900970483928
6.182192498183266,10.46477809200283
6.115466198271183,11.223298923226638
5.677580437445066,9.768797521473028
5.531105800034374,11.333373529620555
5.526745663536774,10.755120025894714
5.668231148328856,10.007450251586418
5.265108139021872,11.852436285455264
6.048969790099804,9.77723702760041
5.662464117087545,10.186321499710246
5.360758273608467,10.549777509607342
5.79846080692312,10.156710372239129
6.406963522233798,12.234063812313526
6.03635312251847,10.945628647964535
6.15216091006218,11.862587016679196
6.025698648896569,10.948205171193061
5.729226331576916,11.519287325485076
6.601642275369415,9.242186432649373
5.46071189808134,10.50420004113067
5.8863529636507765,10.24023739497865
5.741951119543366,10.67333817917949
5.236249195502993,10.646764199808826
5.0363064320351,10.249945564861234
5.622624778560181,12.1344560895475
5.87837733786178,9.871648292070889
5.965546597601814,10.213047540271674
6.342944692925358,11.429440732204096
5.292866934352111,10.531623084642927
5.954462507927256,10.431849119161695
6.3489858736113405,10.06162605159082
5.38179469663289,10.116149171998249
6.416862430605415,11.361269236982512
5.6617407383781755,10.657544575998868
6.418612921807451,10.882416636171476
5.647691686419602,11.80855360425075
5.375708766034839,12.079158191579063
6.170652910957293,11.79787836147614
5.999934799924486,11.14391411641335
5.364334601319491,9.898972402319275
5.190789453387226,9.815805610604405
5.857434935009891,10.00292091330259
6.5871346288901815,11.231357160341673
5.826724668530493,9.548174663404277
5.445812826506125,10.040182420921616
6.362034700051964,10.553417371668608
5.984989333693772,10.447473013648638
6.219850712868732,10.548839525032294
6.3580755016812995,9.542932021658757
5.865609195573085,12.547676933562638
5.411310437839126,12.249614643689616
5.668207560441297,11.732958636567385
5.941760376228166,11.054512657029385
5.602448114859952,12.221874863029777
5.560935097155854,10.294206962465774
5.993942811651606,10.243392368833263
6.000336646009597,9.093634670329402
5.6709370070478435,10.185458988348476
5.851076423811683,11.419125855277835
6.086726512367296,10.916425951769005
6.276842741279638,10.260579670258194
6.750001083348973,11.229875908309339
5.417729838902914,11.022943864255005
6.274370864989687,9.64480300341739
6.752696892201861,10.846947003697965
5.329842291964701,10.590726122150862
5.59886608518084,9.92755133167648
6.12630395858652,9.45656336689519
5.519576005974999,10.736199062895114
5.762287332211463,11.293669427665431
5.943070334995839,9.7509768588784
5.7702694617936094,10.905228941878306
5.642550996282875,11.066316994783124
5.658677198635812,11.07476073306562
6.1894988984618875,10.742962088196364
5.174369255142046,10.438096282388832
5.458558909037052,9.673354590179054
5.963167046242276,11.886916123647993
5.386079778591696,10.655515984980186
5.372429536342084,10.626831968523115
6.528313951070605,11.41882760235742
6.2267697024755995,11.71631528456848
6.079434954972625,11.349540331015973
5.826909154194289,10.631121105715371
6.483067503633124,10.66809733169109
5.9240517087820574,10.78878922703433
6.385390955421821,11.74652255868056
6.262592312139326,11.165580035650716
6.482564778353729,11.894135742123424
5.639658678477614,10.234542112696298
6.99576790642734,11.291775824026649
5.3375537080123685,10.540076765743764
5.7119663593348635,12.385833226330814
6.3717630654662,10.733891637721175
6.012212521823378,9.737955736904786
6.5194579618955615,9.261486066029677
5.723537823780253,10.783258690461142
6.398814840079502,11.147333765221203
6.660295501142262,11.060028013754783
6.430099462735197,11.143148532884169
5.986023054866021,10.296970260361922
5.942327815385937,11.62844751513785
5.080690565310118,11.747799457473988
5.571434182343995,9.74205561684196
5.429435941318075,11.740172545667557
5.247272967092486,9.774956165947867
5.778129111695677,11.651085180084136
6.304057091202915,10.77074303286166
5.212457122422779,10.081374775212938
6.1628757984120055,10.328228188994785
5.4136595236568334,11.503040984820663
5.621525514602135,10.008191328570902
6.438218284018154,10.279370403448771
5.021931748978811,10.521295098856468
5.508657649018646,9.229639042902003
5.938426299806737,10.543176567502126
6.393657050283797,11.25408113985666
5.61923248725786,9.73076844041269
6.397490390845312,12.693528380624825
5.713981014955498,9.426485418599057
5.91117638982649,10.470008372477889
6.301143092109402,11.523189673767789
5.762652094376262,9.974254060303094
6.057492658483967,10.600536840781583
5.491127551545585,9.736419483323752
5.258535427147015,11.470199458760021
5.794383819883435,11.426766267966817
5.458051061709047,11.945084164426941
6.411910594660878,12.102628139060167
5.483615935434602,11.932161303844222
5.588842288519269,11.425092842421176
4.761175539323657,11.095294682693977
6.039635069527613,10.906519593293138
5.9159996727691855,9.295336540578365
6.432866587279794,10.894791886426813
5.922964584409326,9.600847878170377
6.704861318059174,11.650311976561643
7.082731110040764,9.731479281049499
6.169970013089608,10.913074964415395
6.478089144578613,9.523689097984423
5.201706750960096,11.67857337820965
5.666827964446984,11.57923189104238
5.640071407573505,10.82608914303083
6.519301463772112,10.494983335744262
5.685294464159617,9.859302874454402
5.47870824304481,11.780020331166511
6.710072212554328,12.142683681125295
5.860994493808613,9.821367757112004
5.52057614302695,10.690088072004826
6.401923365503777,10.14727417531949
6.340997554881386,10.836468675132924
5.975997818569073,10.037163947663117
7.06100367812094,9.851859933324365
5.922140205531389,11.561334981317147
5.804054212970129,10.133147921321084
5.322611231962033,11.42554744829757
5.717431100100235,10.814422075505465
5.246304435488396,10.837389759205333
5.980794973473982,10.679163642342303
6.548985131818439,11.413551296674022
5.785689998588767,11.711495414575515
5.6605658744316,11.306298980929002
5.95503970486564,9.686281428820038
6.252593543848776,10.681109653026441
5.732621764283487,11.17125323473092
6.486524981948984,10.266698362501554
6.784217082642128,10.149117119688524
5.487805872006611,10.540191389233774
5.904796822163924,10.460362948332431
5.695429077467655,10.971565154169975
5.278045962942494,12.01914297125622
5.2337737203564965,9.466322826873977
5.04795913937337,10.403439978608526
6.0199366311926115,11.423591353025751
5.379540054588786,11.164185965009521
5.506702621815532,11.094514716365666
5.3048845409839505,10.949182626197587
5.735461752573524,10.824544553592965
5.4756309890237445,11.928728415316412
5.6402863990521075,10.122462243966973
6.637228256244323,11.996972058580226
6.179970322670331,10.750623002159776
5.998435145352683,9.400842918902104
5.827637768638532,11.050154307045968
6.639488146028343,10.183270937544103
6.129313636261735,11.20299680589336
6.0338530767480085,10.375268181746417
6.0870384420575725,9.959598865651436
5.656989877142802,11.907021595735971
5.407631397447679,10.009399751728278
5.104074448146037,10.982978896191987
5.728512631776288,10.002987659270932
5.6015467385277224,11.401076877742549
6.574289020364219,9.801968116596719
5.340452276759454,11.622533456674253
5.219070230498219,9.886600461461422
5.3993123734039035,9.476186930340717
6.4213687474636645,12.09001476483469
6.022748114359264,11.49792013911293
6.274992754925361,10.719333593635165
5.946188571497048,10.896029930134901
5.724009595708632,11.316046496039746
6.371202469696863,10.222133898281571
5.9696473802532095,10.255876673938825
5.034025753307032,9.64325436747249
5.548824700216464,12.120299192288726
5.668779957002103,11.34814034008907
5.672570624274043,11.747542049127487
5.74913380590242,10.770228652069298
5.330105462414034,9.385106094334075
7.089711702126894,10.01494553503344
5.915611315300491,11.631909057831384
5.241582006877953,11.900849101183033
6.238371048514416,10.267186847745005
5.593288154635011,9.83688355342559
6.58757464942519,10.99518691444385
5.633188797816787,10.854314809055653
6.207421742846693,10.362913537797104
6.210198340474357,10.357851200335979
6.017997814257851,10.74792084674623
5.903532076753715,9.769661692048563
4.803168813718707,9.544339633790589
6.419341960429516,11.236880387904085
5.825703497580041,9.95356937259365
5.493477880607346,10.65701977698056
6.496739777337187,10.670686281633863
5.322755942790149,9.914775465887471
6.046614459292357,11.716296330496368
5.92348239768983,10.06494901974985
7.103731414467034,10.300829529885258
5.185532401453935,10.330139292101205
6.156206230841538,10.043743280430318
5.769283320566419,11.282207226895885
5.678720541285537,10.067353285892523
5.183396351048156,10.992739783174589
6.1891703484757485,10.449268799973655
5.879370006138559,10.746647612463574
6.56558081011266,10.843890549482884
5.595338860453001,10.085111625268354
6.1952810790329425,11.040459565506502
5.7067754054806175,11.230375017562954
5.578061533530977,12.89011873033297
6.3391753178976895,9.747096952934879
5.4350383960062585,10.775318573082785
6.9008597024336735,12.052810601710126
6.298627449626208,11.509008769913056
5.444647884919709,9.256193526057617
4.791590303724773,9.913492150937849
6.384065009749203,12.15515781991104
5.595856845019542,10.666955349069104
6.1326775571990755,10.757599303345541
7.134528519754192,10.03184003340964
5.733971397114537,10.204662770481107
5.759436870621349,9.995492434674041
6.492720129544307,10.735070665017394
5.605068404217559,10.802898365882378
5.696245155020664,12.293141639677291
5.383955509971473,9.486674111204584
6.548972084403667,10.481109956187236
5.582029136010193,10.053859639059977
6.167626162592828,10.05219576874895
5.152604649895547,10.436444325826553
5.997752603820526,11.364110028362415
6.2988462601164255,10.17011357419396
5.886805265575366,10.612301593967253
5.8988799307256,10.660848107225224
5.865083399342725,10.976928066509378
5.979924994943592,11.174187996686715
6.203358238654444,10.90370613881605
6.075755539448811,10.480566919308293
6.827456849541244,12.656825936865648
6.0806479224580094,10.412906724980788
5.623444562706475,11.752262711448143
5.70979705818508,10.755511638873452
5.630952843517084,11.15511401921878
5.894788543982052,11.548680959467392
6.249500714656189,12.10969443192168
6.18514726687726,10.988053149389351
5.232678056761045,11.571564619779652
6.104134118314626,10.302794560925523
5.990784297808774,12.599172433022632
5.410801448804878,10.974873673712825
5.680772287834743,10.917733080223663
5.501336949931265,10.532080636564558
5.558568300406901,11.138732693868167
6.891530960782166,9.417905415442963
6.530866472569528,11.560802974489294
5.2526162710035535,10.438617099407242
5.573539450686891,12.584487752939634
5.725995419094275,10.04261475976158
5.760572864786897,10.841524445068744
5.94854750720051,10.437798315440391
5.971271427822578,10.191467872320422
5.537873075448527,10.161180532738054
6.245001569940323,10.734392572455086
5.1825251113797695,11.52685511555786
5.541427389520264,10.4580488330311
6.2732146193215765,11.071600309989508
5.6517429401098775,11.791352677341202
5.334871008990956,10.291308945740596
5.507135122617046,9.247214785998585
5.399502365295294,11.613930752680933
5.88045419188827,10.488279161334388
7.391596429853975,10.526792531775305
5.5636028055245115,10.059765691792155
6.381018133122428,10.495748826097437
5.547486927238068,10.759639871893425
5.856095611175238,11.83151231083538
5.660233961360839,10.335507024300584
5.6893690238620005,10.869159320886578
6.966133945849519,12.54449265497582
5.255189083418586,9.230276839224043
6.113454460841988,11.365708731142018
6.248907043915576,10.477738263621523
5.466307559038947,10.247734678547905
4.951245807492945,11.03799779314332
6.382388589010014,10.645766995644323
5.62504807588676,10.41866578702586
5.902392815463763,10.136215918421142
5.9665086930478,10.856254820822112
5.903022100742601,12.239198966320698
6.391891476762658,10.39172169875573
5.627917885957546,10.81122722915467
5.579078074562447,10.31175767439254
6.5997273083471715,10.554563845768381
5.481123378045334,10.128564082208
6.386869887783019,10.351030104768537
6.503034740960597,9.752249220601147
6.569872863108353,11.17168150796518
5.510375378411046,10.23522131272896
5.6384203609920975,10.605677710683514
5.403780387415117,11.36847761655917
6.466059110034265,9.11826959996246
5.6399489880765605,10.063300630848055
5.602429619295,9.210413328087524
5.986000626142355,10.616520614246829
6.475800753913662,11.213139510582495
5.382540273159207,10.773314818933725
6.517255552737732,11.50159168302467
6.294677033676389,10.543173354844754
5.2154712390890525,11.077340779668162
5.635370853667158,11.618200912363895
6.634645507160557,10.879861293323595
5.499241510729586,9.910475809924746
5.630020579890389,10.172087685581811
6.071565861969537,10.412451908711814
5.336530847720106,11.571879803280616
5.954675722754809,10.384409876612674
5.829868561011695,10.71179343637189
6.703392496238293,10.309571139244008
5.389913987182953,11.257789481080035
4.996594819491258,10.193622854767488
5.459363418484377,9.29713731167741
5.59292971480056,10.186754944261942
6.094562040061479,11.608790849597293
6.445843625895239,9.42586402642568
6.135046074630461,10.01646232676041
5.706855197659548,9.550662129524737
5.218491017045983,9.882077701296627
5.588000978772863,11.72131721432613
6.5768043491284525,12.621483838894386
6.064453486620079,9.647623342728455
6.2702661796854775,10.046048705393464
5.875883223307683,9.795104674879697
6.008713318531511,10.387069846619358
6.397168722433184,12.883591124606209
5.785636000243309,9.884071898315561
4.9862075613191905,9.819751982867636
5.683972998266532,12.58814521077194
5.723338950930767,9.993556704544485
4.63174615045575,9.875476590604764
5.372936021405973,10.425443869891017
6.126661318994249,10.451769255922292
5.60109750299986,10.868116419162146
5.9280701405336345,10.781067817648673
5.095205140012256,12.588214551999233
6.066026121399286,11.478070796090758
6.543055807108328,11.871601645148603
5.8730816625413125,10.779752263267333
5.558387318476672,12.608410589162048
6.7386405289410325,10.04578419254571
6.276738587121879,10.983668745342154
6.472460343578459,10.754718529645364
6.265379635436736,10.135346195490374
6.847946569650294,9.325797227328678
5.226644629022213,11.070766063609355
7.322215949959813,10.187205520299669
6.294536447175582,11.591595172118566
5.202940043419546,10.243482119265215
5.069191290515967,11.307285162603957
6.041756030033513,9.592780987099225
5.698745209744729,10.172798684946239
5.795524958471336,9.859908281890435
5.624588440794142,11.315127088619446
5.232620676826242,9.845097229592293
6.189382923285469,11.064136623925778
6.023621087266109,11.734416498999359
5.507288074773355,10.362434714794135
5.748467514409536,10.80650674528363
6.14578731168693,11.30283816110308
5.90784666122523,10.057855192803828
5.862471148485647,10.203569594442959
6.049994626581179,11.580741766800156
5.3724982113159445,9.524351438114415
6.318050705054482,10.682454377511808
5.592152431727653,9.270515825651676
5.585428437687711,10.096990008040754
5.734149699399605,12.119121986242234
5.704286148091408,9.83205584564687
6.02145642633603,12.518877188946275
6.109149026430148,10.988236684145429
5.779623526333626,10.71517921776984
5.638601362863125,11.175811397053357
5.463175993701515,10.443273220145635
6.000995846276679,10.590143722990094
5.2472202126621195,9.671639508567937
5.956184423371862,10.513494136943878
5.54395675312182,9.700708311194942
5.3160676358336785,10.04891264093964
6.2245765011298575,11.890378668818972
6.767444369539421,10.759866174780797
6.26134684623748,10.728897942244412
6.188620492383264,11.880165531731224
5.103826368971585,10.767032000454396
5.949072912730346,10.965231508653346
5.396032045983993,12.14671326671521
5.770827126589307,10.303276024262011
6.201082900978883,10.892912074935136
5.109765141836434,11.006946396316836
5.701813922379952,13.114725676407348
6.672378584632147,10.226462956001347
5.762052244927995,11.49220842534228
6.178036420513487,12.874334311467456
5.198788187546781,10.7117808098336
5.347967337017392,10.870245410240607
5.605483544811788,12.262795436512787
6.60036630762008,12.853754608873503
5.887002407621279,9.339097334160964
5.556092029793188,10.714057454562226
6.843749702013491,11.690035989537725
5.861943632935702,9.624269894657548
6.334399228341655,9.422469422321981
6.2874425985093,10.742408822652859
6.072076780029467,10.38504394750484
6.265903237781738,11.048518220399233
5.328607232520296,10.255195692841532
5.887124256075802,11.196113875298554
5.103637616951628,9.92126978024502
5.49521237778631,9.156286420085655
5.402835546165909,11.284819755202845
5.691842909553935,9.355698067578432
5.449998657135832,9.099994699400947
5.876050123314906,10.200670677253061
5.195838882901433,11.862778894490981
6.3809241880652365,9.816061156298488
6.761548078091158,9.712008821112248
5.804279345674057,9.680079740468406
6.64826344820719,11.799416194120825
5.625685567660359,9.9039754667787
5.710491579066589,10.645604468334392
5.834935056056886,11.07229604074475
5.422275137657583,11.301917173845291
5.928029259939521,10.208919751526
6.430191433999711,12.373265509959271
5.510326101089109,11.17334372063759
6.196243230363565,11.403268493920844
5.304693305978143,10.822482481240163
5.599230315979796,12.699297014378297
7.114706369440891,11.620111240675897
5.851573967966456,10.1732323467696
6.2690298726569464,11.60401895422688
5.41894051855426,11.141583411701669
5.936132139952312,9.813606278845903
6.3735053081958455,10.237594033542367
5.922983297855045,10.003046867908358
6.091853299374658,11.910641988611076
5.995778822770536,11.56571744870728
5.2734631284474265,10.930536675995956
5.782667901266628,10.840237746123005
5.8694595846480535,10.97574798640419
5.375049167001609,9.639280712234568
6.272986035461711,11.207957130382592
5.275320516268163,9.552931924199296
5.810062605957216,10.99087866706505
6.203885995063497,10.39194322136991
5.397299414544104,10.393125389301412
5.736058347874089,10.07866515437235
5.251440690445794,11.089198597209581
5.528909444781387,9.977744083317955
6.317475675416097,10.365466993400618
7.027063849009362,12.340556693253552
6.287614366453315,12.049717383131828
5.446507423940975,11.168340156556827
5.708447002990506,10.168710363957066
6.244193877788946,11.096734956283253
6.2401890624370395,11.203433824123291
5.187932349621117,11.604822101427798
6.392214946675598,9.708568904249281
5.359263628831068,12.560054278975075
5.951570859259462,11.465497266961226
5.22195167203747,10.263966106536149
5.954897231308455,12.281148073646229
6.1760023019338615,10.559549276701139
6.148844987795106,9.919971793880428
5.7344081350719085,11.299148843457463
5.796318040868585,9.755551110297462
5.054960895776915,10.055517859578707
6.353577533704435,9.963767145494247
6.224848160527699,10.62654216817955
5.626781084389786,8.973681551840123
5.0609352688167055,10.13011594312432
6.31503075907389,11.054050494679922
5.934108815411121,10.571457632561879
5.501046900544591,11.59096948032698
6.109617663976824,9.720167981448492
5.684594458719175,10.826021897912808
5.343637623774331,10.58161346016255
6.364630116100313,10.557416340359254
5.571490721774483,10.023040636360037
5.894020956330197,11.371950300826965
6.286906424189782,10.246851984256443
5.89034969296666,9.539729208471607
5.316006301678361,9.369665602332736
6.80518901064695,10.81278433523788
5.891917149616748,9.196592589363803
6.344229274986892,9.185462179274912
6.295231426100875,11.161251700291086
5.348122446282113,11.926303070160879
6.248993370658035,10.459184245251695
5.971777201104763,12.42554229587841
5.901609089274309,11.819322504197826