5.8747149811054395,11.910757002483185
5.54950100862594,12.734566327811136
5.460141599698778,12.416135255098132
5.717407585940859,12.460689592639431
5.524967239190275,11.996069064304088
5.611032727536165,12.035492149557353
5.654092352309386,12.15550613879
5.540654066387712,12.547844315736322
5.4183903403529206,12.637446016384029
5.651042219785931,12.14435462674639
5.593321524049428,11.930450806587679
5.8252791769251875,12.06200460793202
5.665021603032078,12.208627946334408
5.510262043031081,12.454353092605269
5.539523211014383,11.905714353021187
5.784553788905105,12.015952566659115
5.561635786840131,12.119694060061597
5.224424920953232,12.26893300246943
5.668620834941226,12.387102005636281
5.539013319702115,12.596068912881533
5.420128520278817,12.279951902566316
5.611021407236651,11.858900371515494
5.662636000380787,12.463307981549187
5.884245350974249,11.910728300461196
5.6227786579776255,12.010447638397698
5.78061745260169,12.10059431112424
5.717218213085097,12.42699165539451
5.5927775307712455,12.016852040939012
5.616849982568479,12.281003194938204
5.737735409375093,11.725896315973603
5.629445474680108,11.957716497197143
5.5354277106401595,12.398700910390117
5.590665744928282,12.14326582136898
5.777668144861675,11.72684524933174
5.52893974747724,12.076392085538016
5.642372572701503,11.764556874714174
5.7624249623145305,12.045263741967618
5.600576348870419,12.102839942788302
5.623457382396999,12.111545509976017
5.7579043265634615,12.876318444828101
5.763398332482065,12.280560759380368
5.71973482175221,11.920348995522527
5.690593808438959,12.545714361022235
5.74297465014023,12.335261775880017
5.721114855108904,12.281327067745739
5.7693538312167,12.071509328256633
5.510858068598395,11.855700691970176
5.402030460214546,12.418029933044265
5.867541149972466,12.097590129667747
5.675021702718648,12.593035946323335
5.628732854686291,12.106667420472883
5.605979803479509,12.444128314142478
5.901477043520626,12.130165332830185
5.659768219961639,11.936808632724437
5.844148142483962,11.930098926211594
5.42686368130695,12.369113870506489
5.5283132843722145,11.253604802907393
5.72578454739963,11.76450827624488
5.428695995839586,12.391901661478851
5.670331161478131,12.362192730802494
5.51703971894436,12.172942018287598
5.571034315470964,11.822140660986342
5.64232165157466,12.261359440373898
5.76058845171068,11.950897436335133
5.680147644085549,11.986522607743014
5.574803756715829,11.846197734078777
5.668455072739838,12.418776367521396
5.6618277370248675,11.996110652157409
5.595359000384515,11.857638298715072
5.503187061115304,11.867183438754527
5.756733900569759,11.869521147414048
5.634063349039337,11.973332181481151
5.6705155194300705,12.11142506004629
5.593637077169762,12.106263956820797
5.610478952846797,12.460857973904716
5.634913843988463,12.122428764161628
5.9426556676820255,11.86667287531355
5.436346893229916,12.150066787385045
5.658742232305186,11.96984734742813
5.505173219686483,12.21053342180525
5.625740905865755,11.705269715754385
5.609539693312782,12.311320714409357
5.414456190850269,12.589151944099184
5.4892116109497024,11.993287940119544
5.4023449165807005,12.103886187624687
5.648110313289357,11.914934948789867
5.713665077759053,12.156423466345025
5.59608200024792,12.185471483187952
5.429196706627777,12.36691801054034
5.5913025050184615,11.90249726371501
5.5366174751408215,11.753782387390567
5.945279152899739,12.44704232490656
5.706201383076809,12.264397157928494
5.528110396326016,12.027212730333742
5.800096693103402,12.592705299300654
5.525214634418789,12.489943323818775
5.573820279022739,12.437477819210274
5.311893354926391,12.227312060577882
5.686595130219831,11.997742990766094
5.661602404686499,12.203542333502845
5.625749072474739,12.428653270223677
5.423725843856877,12.189761582943637
5.728792135230198,12.316041005849431
5.60273011290051,11.829124507727396
5.696876259471043,12.648258624002793
5.833180367715178,12.128039440435066
5.5027921007311,11.703051442713942
5.678768179708842,12.208759632721845
5.446203352493019,12.148943305350116
5.565723548909826,12.066209100681471
5.9237058518269805,12.38603234730761
5.78347562755147,11.978347934104196
5.62797668644819,12.273948590303105
5.627063982211615,12.22547718762228
5.858647592141347,12.272590337851668
5.564661972949946,12.319929970160368
5.838928010258011,12.596031182463989
5.575276554785574,12.330685821131596
5.404935492189082,11.903500205619059
5.678436935897985,12.248882210321762
5.785212285785638,12.40994077313899
5.688181519594719,12.040195240642047
5.689510016037981,12.546169130689643
5.641830381881169,12.269194522554155
5.799944444518517,11.812743379144102
5.584685628927616,11.936997268585165
5.485311391839646,11.665880099352485
5.781376998061532,12.329114874611673
5.480521566148069,12.374186487725376
5.765084383208848,12.243573450904478
5.6050264732512876,11.836703842185432
5.564737901489671,11.871826487965043
5.896126636976489,12.464969770954493
5.716947177304446,12.247662645390438
5.5756021240045435,12.779545588373123
5.556047550446938,11.942603265127062
5.726313980797954,12.213653624491604
5.750810824236135,11.829962140212935
5.437555616786582,12.320052107388186
5.540471987184926,12.167263302911318
5.412115137364922,12.666127648173928
5.498993064227997,12.13786051871846
5.684315897213094,12.15969888238561
5.819673671170289,11.900611539432392
5.4786403306000615,11.799335503490056
5.482923053258441,11.942480059186183
5.678125029770896,11.532576980401581
5.575223902850556,12.65716268165531
5.42070780596564,11.451505782718224
5.703190092985611,12.394393720798325
5.499389962484347,12.106356422335615
5.793373848003819,11.993654710279555
5.424197468641214,12.067963260153187
5.467510097707285,12.653188182028567
5.480766191237086,11.94286618308448
5.784792165373132,11.964872442249362
5.764356887519167,12.70697530233886
5.537107110785618,12.01041347016453
5.697262312723166,12.058399679733093
5.555004202232299,11.858184415330054
5.550211494747032,11.936555722176806
5.448470296952594,12.06459448359566
5.621752444701856,12.41028821400758
5.555828720825638,12.001752258801915
5.635616141246281,12.100215044333238
5.786806430298893,12.083906432363813
5.694527622448701,12.34189743943588
5.691776816307888,11.999923898465564
5.5742221452402605,12.322199996725292
5.634164006488357,12.701333122568608
5.67895162308623,12.114691111674833
5.5995094725934065,11.930129421603466
5.756800330993771,11.65931699975187
5.698219780463655,12.305683224149075
5.745591011632027,11.813972103333022
5.477751437795531,11.950542851236861
5.533042430019922,11.947325689141893
5.533319485500038,12.327602192493993
5.732605633338595,11.770219379221428
5.693960940447472,12.392275323500481
5.6002483512630326,12.477589435078551
5.590872423335598,11.707833850101741
5.701582263815476,11.510235186260955
5.553609453789702,12.385993154075114
5.784636353256197,11.98890378594084
5.675486659604296,12.2000109854922
5.4596131141024955,12.34421503235876
5.749822746115725,12.322670836827038
5.44975495971604,11.785091417954458
5.605077839426188,12.028474833208337
5.7161114382698335,12.634027938452093
5.961641803685267,12.174058654204341
5.766773817165399,12.187660333016783
5.5462241184182055,12.015609321379765
5.470630515530249,11.650058129499635
5.6952755557372665,12.400004528171252
5.8755328267131635,12.441722004530062
5.355955832943917,12.364058410686773
5.458165839164461,12.097979778225895
5.8786420917348545,12.09840935288888
5.593240965092742,12.180069202417434
5.553017802511721,12.2046880090052
5.481839247306759,12.560604130708999
5.541906323916202,11.963966366376791
5.766087182350308,12.093134838455496
5.5479522181924175,12.276460131567502
5.559121442254425,12.834545006989867
5.683776463184348,12.148661545164675
5.389202544905882,12.234886819785265
5.548478037447257,12.534311467405502
5.829904136092434,12.346806483771639
6.000361964099558,12.4492128575596
5.609832711716334,12.100122663826639
5.476531089364705,12.405197637631616
5.701726589354614,12.077826963010926
5.473021927133963,11.983622447143171
5.721793919625878,12.229251242802814
5.707823422865988,11.921549441358982
5.54060473244009,11.9362390269783
5.699322894023048,12.383465793143657
5.738694544363153,12.0720332950462
5.641462098940249,12.134814423586972
5.637929381031838,12.198518784303745
5.766031925523631,12.113424219801658
5.532389705658073,12.747810342651048
5.634353781650609,11.986101551175796
5.808650486593562,12.16259888298614
5.5608046004358265,12.444459783909723
6.092955697806276,12.38924777762359
5.485867639026174,12.15204777212709
5.324761621164895,12.52945536739418
5.706307188339574,12.017490895574532
5.745276568635458,12.084277980729851
5.681825036168628,12.243612901104518
5.450261594746158,12.514241959746103
5.793843472531901,12.236860406680323
5.531008649102664,11.731024512050077
5.797709510604922,12.140621915892305
5.933020961024937,12.165395546122701
5.790162799651438,12.0796937321833
5.455226541079535,12.227082256502195
5.670539303239074,12.296738501138439
5.530259105498236,12.547039871606545
5.829630753943321,12.218796114587976
5.821403510053405,12.100469724221094
5.50722766679254,12.767422912703562
5.580901358626319,12.052405835360371
5.886202969208823,11.755964565309325
5.87297666916677,11.882107248681569
5.399320087995737,11.913633959623468
5.534822171229944,12.370766228244138
5.6962519678754635,12.06226217730121
5.52012427916608,12.279352082987916
5.422773167639587,12.048846464920942
5.698545162370194,12.11857020978171
5.466648922074538,12.062836087412553
5.605991046050828,11.93871638014947
5.7929467837753315,11.852013005196167
5.525474996139745,12.407255324623964
5.604536841571994,12.33830595703369
5.541822791265822,12.087861006667694
5.678286788186657,12.078883040669087
5.446693519697726,12.205105309383699
5.642821137413842,12.043792391991513
5.616163752328053,12.191174925080949
5.774703432200145,12.532926908026287
5.550991095278641,12.004493300148365
5.817487840029872,12.064235483695793
5.6608561647795606,12.396831500797585
5.600831052776283,12.324644835840733
5.551475606632804,11.78476040267757
5.331059551429968,12.13493781628254
5.598048179165945,12.311295253767923
5.621650351597443,12.040647441152176
5.711244968507794,11.913539348226825
5.804557491595709,12.244628239003882
5.505239407935328,12.300939151425435
5.971717992103042,11.994906346897972
5.555385602510071,11.557010729555712
5.735092606713963,11.985263248143335
5.470184199434005,12.188138602777837
5.789919535484097,12.330052489562236
5.4919811756004915,11.967749675264132
5.765065720101007,12.665274834458268
5.8066087231136025,12.291673200804446
5.692459571454108,11.909177605513477
5.5914257302904735,12.205332795862821
5.694458156794018,12.449436358317177
5.486413630933432,12.078356580375198
5.726893404343446,12.346063260760959
5.878212787948111,12.462817369615044
5.345093517568331,11.961835149067607
5.2541637045220835,12.42258165455441
5.420409161797815,11.987039493340276
5.542828768073786,12.274717444981768
5.793846071761417,12.137061473383762
5.746463748454129,12.042848001229109
5.624248382199131,11.96743859144269
5.856755623340103,11.748930453549013
5.7512476145115095,12.089221168691441
5.510127635949372,12.108364243475714
5.7990438337327435,11.684753801218747
5.527002634090877,11.946170486557103
5.693195850633207,11.95495480604186
5.756132946482694,11.729129627116233
5.657233782228072,12.115643110106793
5.582717894778653,12.119907795938886
5.327901030753052,12.244508455467868
5.537657761393236,12.139522894322598
5.495711395248213,12.580367673112299
5.532793147383408,11.6951077348795
5.5275391695327984,11.77774392400286
5.6030366513120535,12.029680073291692
5.607253557750221,11.776904271659316
5.680354171652774,11.898487299936114
5.805921161636062,12.05497822430668
5.785385680936021,11.857134295354216
5.891511603688914,12.105428644207736
5.597483726674565,12.110565643231597
5.681159728496648,12.023960116228658
5.72736940042799,12.152468915327589
5.956399084330077,12.244989495589412
5.336732197398132,12.236086302811374
5.872745683747955,12.278033219176578
5.798298394586768,12.232925998810035
5.753730588527953,11.872895777272513
5.562807032754237,12.097997925925313
5.711855234230951,11.97663011601844
5.672691917987834,12.326212958043731
5.509757414138109,11.960291248737244
5.661858736750727,12.684458249830527
5.4749006634839485,11.835420822195776
5.844149987685945,11.966633709955355
5.657433254517392,12.20249142995466
5.895280535382344,12.064531392265916
5.637777806467623,11.904643389969614
5.711984001690695,11.822357318160995
5.698357632056251,11.986092006846055
5.592640457850711,12.196007108962386
5.606971471275352,11.896524249921367
5.895521349178708,12.146151410649727
5.670481975997092,12.353825443033907
5.968753969713042,11.981536948184306
5.813354432536513,12.02544813847523
5.60005892025312,11.946204017829578
5.832337201869318,12.165903858696508
5.63389001093683,12.468493469600602
5.506985130509377,12.54313866338903
5.710818360212991,12.09297719455492
5.5560909897779105,11.828235593147374
5.807576353125656,12.248417235884583
5.486162202363419,12.506440229360877
5.812719208394455,12.489147833982619
5.524985373788651,11.946486870645384
5.838253154597256,11.98890602430106
5.617582553875816,12.42534948890327
5.457692174203349,12.270183852176261
5.579059633751016,12.223689126016026
5.581207968772352,12.046033463495823
5.515279345367398,12.504565077071902
5.834911141308272,12.232781452215322
5.443157699062796,12.209052756615163
5.577910410154825,11.763508526351323
5.697304684363689,11.623981523924122
5.751656690295568,12.171928958884521
5.617174468499321,12.498255216849863
5.914513793458833,12.36626823732669
5.490046280870902,12.273711913750775
5.629260319219956,11.938759612323889
5.883661178244608,12.213004563476504
5.460601978529493,12.13490375998787
5.5182056177559975,12.123818390013362
5.576283563752061,12.364626539070375
5.749672943341399,11.814184199138428
5.675763616647743,11.994973613726051
5.756308676170891,11.868966412557079
5.645782223723313,11.899164783312191
5.83002761512091,11.871454465837397
5.773064595045901,12.283701867026958
5.454893037133705,12.022074443242243
5.698657434309459,12.363878009909069
5.539617220041489,12.103742129667856
5.611309631406761,12.472948067461738
5.56400377431593,12.243368379515012
5.382637594838106,12.151188600319946
5.544642376659841,11.999241370369461
5.641488146783987,12.197789578819947
5.612638560777997,12.102082183600475
5.7732732922020755,12.091501057077242
5.780837979502148,12.098232307016278
5.56149157197378,12.094833657689723
5.8753143901675395,12.207255594089881
5.831518958197113,11.683075532396527
5.362323806386647,12.11596300912058
5.298331627514758,12.131091995051557
5.517955975099035,11.849460185919822
5.448000837080986,12.1895067691568
5.57937879080848,11.616005363988537
5.475647242377462,12.426900298880092
5.620394057642324,12.256565395509794
5.5640490729240675,12.08550489342401
5.731204202662919,12.011131350018221
5.887685507327369,12.249181348187742
5.679296361040383,11.962692044758688
5.431656906603303,12.199883113238823
5.642306733126259,12.193904557656198
5.691431686665325,12.284573026059718
5.582414288977547,11.966778993717059
5.611284149073917,12.105095572089795
5.510454339945894,12.189381147760335
5.764792790497202,12.135776220539602
5.5646148604524575,11.648075624612414
5.63685971351416,12.377953294626929
5.716635093267621,12.472799534612635
5.759439494988419,12.08015290291828
5.727461584648348,12.444494012026306
5.67757706238847,12.164810726657922
5.450064605613322,12.1232418724741
5.66169882460547,12.014890602360696
5.75428385985598,12.91006229047487
5.501819327015536,12.25037274044627
5.796687963568315,12.009141226782862
5.678652911191228,11.842068270373483
5.786639868104797,11.879719188963174
5.537834465985132,12.147255498324366
5.650998635527065,11.684035651798098
5.837579033031681,12.219645277058815
5.732746904372766,12.4287452128829
5.567572371878866,12.24299119609215
5.6491618875092895,11.721290724498006
5.457806529285299,12.058961334387243
5.676289814926913,12.467439044757915
5.792195256600261,11.705023561960205
5.688232137162452,11.977759487017217
5.543607784803683,11.570421441916126
5.7696066537114215,11.924200244373345
5.558934019028198,12.612847984151063
5.591745646407058,12.390219900541572
5.656706449870368,12.660998709949974
5.627614840184083,12.072253147183249
5.669066888908205,12.725770974394155
5.649030431842581,12.465992799920203
5.603865101938776,11.78359877830654
5.760239162416242,11.981241767939231
5.478982911011365,12.635703351580649
5.848058224296959,12.358191686720904
5.660371382281425,12.463281818805404
5.460168549903037,11.801961182045904
5.6570390767689585,12.205162165361502
5.883630640241763,12.896594971392675
5.734391184389423,11.73628558173308
5.644736425946558,11.515376021364201
5.589197206185855,12.510828981918042
5.468755514829143,11.742182002796826
5.8197435104922155,11.977365961606463
5.67048352823014,12.446774499539588
5.618491669118635,12.132578319566507
5.749885145563167,12.181414256254735
5.689041430201773,11.748691727417789
5.649581807001689,12.292690590148588
5.8544180403174995,12.190633674110085
5.697573666430258,12.412783259236745
5.599243850170134,11.409817457481992
5.5176433522138675,12.680246821272103
5.95345633560635,12.043608915491177
5.590390820102275,12.357698525722094
5.468115402035389,11.832235545968821
5.782933310256061,12.183837884223209
5.736138279149316,12.501877991446953
5.623943087434397,12.134665146413212
5.731850578107799,12.473608157419523
5.53367567540706,12.186359476168544
5.703738075456547,12.175615043025976
5.679321341842804,12.04330124611202
5.661196995134406,12.097554357386366
5.5821058640703205,12.340193475119243
5.56273652836654,12.275675445355377
5.670907847828423,12.073299132603648
5.8294303746486085,12.045497314742882
5.697864943404052,12.545434806196871
5.7830099676136575,12.445932566037799
5.669301914347835,11.652796140970676
5.6161962154067595,12.460862533467095
5.493228236817023,12.031213355379307
5.49572424641105,12.040411400351845
5.587588959330384,12.194495162420012
5.634431069100279,12.321077611190997
5.640945364369809,11.767746950579395
5.574808776315657,12.448929853261719
5.409118319263961,12.543443652601882
5.47323262112484,11.838326503572572
5.63355503682832,11.951512545513443
5.734988837218687,12.15831287761664
5.599411415144194,12.191125783853755
5.732032461716373,12.210830955461523
5.568621710248057,12.022457012444926
5.5268585485226,12.817120980257648
5.620396943924499,12.307771179433757
5.578753527432583,12.587124819846668
5.7058690894864705,11.97315277018303
5.422040270576182,12.540635411912683
5.56974695298802,12.515173499642817
5.526768466476152,12.40321681864441
5.711464606863087,12.661729838665746
5.61908887413957,12.390919401711665
5.700436583519036,11.700146100398308
5.712006698341941,12.379163908804335
5.3698156463891795,12.22824442746533
5.32645909241081,12.35736074037965
5.623417480559904,12.14217809119943
5.575689297991978,12.259055744933049
5.647449678072363,12.403035668194597
5.762150851276356,12.832081740934377
5.56735570622002,11.884687510139369
5.58285026435459,12.139200930744718
5.539519320284361,11.83959772449961
5.555271655923762,11.85244244373415
5.818024968055059,12.008083941317139
5.755112918790368,12.31002560531351
5.574165348876037,11.671499022209707
5.805487516591397,11.899671024581615
5.5327873230142535,11.791687918295468
5.78863643627936,12.663261523446728
5.676812660339881,12.037875800903379
5.47368298103601,12.193453071727546
5.616264238178235,11.425073930987088
5.64998987725758,12.61295151122108
5.627648243035063,12.068682321569218
5.6350562824943555,12.292960519821914
5.723207179161366,12.12373421943882
5.652914512573034,11.95919591412328
5.684271934312701,12.440476840989197
5.5537459449699655,12.322273344090924
5.690845479863429,12.330743302054065
5.8340530309216305,12.30452267240599
5.622974935267325,11.694602294915008
5.670791869844886,12.277458811893371
5.544380341437872,12.229009101838425
5.546406857439511,12.180342806016437
5.735926505698162,12.280241451324915
5.573450181268223,12.102541818591295
5.689808129045193,11.788886414367434
5.557416714111447,11.88191792965365
5.486304259601934,11.906787457694131
5.6091164688048885,12.587675231244441
5.919712306153749,12.165246581680028
5.451371588771085,12.20742668003512
5.703260902181936,11.793525400803489
5.309552607499973,11.694240575524308
5.283661876770017,12.089556240952803
5.43817264279236,12.460774584170725
5.653809253312952,12.282343028750766
5.602512327860783,12.28638404639914
5.758815159208161,12.446964883257642
5.691213436746903,12.057588836716851
5.871051212120972,12.22952096999562
5.733367827905953,12.26592343883852
5.5329555579978065,11.795898948757092
5.5645881782462725,12.08442382431173
5.6278399313507546,12.249342647813071
5.635637907226965,11.942523443670009
5.469254910570936,12.03741841324472
5.760998538598153,12.373858523119905
5.5938254614917104,11.96141373123109
5.556898274037365,11.980071362020086
5.573183577480708,11.615530185116805
5.578001136076119,12.180436391355217
5.631539842516545,12.565723079041769
5.729563966679916,12.024134028935189
5.594286391161715,12.557129995745068
5.784308418083437,11.911373335181075
5.7557577642124045,12.526465047081912
5.622542861130955,12.094712922881063
5.561119119584582,12.336720403962383
5.614191441863315,12.310632635725266
5.706618406842791,12.714113491518168
5.569237988657296,12.388283097244315
5.686773845587926,12.435329985449343
5.652451516764923,12.376304881850064
5.70488456259387,12.478048033641038
5.768177955195197,11.725788801350388
5.867522560993567,11.97414576579833
5.69810023476279,11.533505627563388
5.553305261606361,11.784659142625417
5.708799129840064,12.061951814978528
5.831628743248817,11.829899796418058
5.719707528553628,11.502486931249333
5.8071110267536,12.369697671851977
5.504707605516613,11.963081821337768
5.456519074233448,12.06374509908653
5.4155159331668905,12.579170332529959
5.889543636260096,12.156069801602808
5.792835991228767,12.109304197792543
5.64568158924165,12.214493826748434
5.71107293614288,11.778618798290772
5.663887200122797,12.184380445627701
5.444387831759273,12.043792671223388
5.662881006163032,12.291025550280656
5.424473823990164,12.089928636404462
5.608780572885421,11.92322937530957
5.578544438618346,12.190667920560298
5.506428849536991,11.785790296847274
5.658115940984524,12.068496486980782
5.6036911135302185,12.24707762569391
5.622267968750579,12.486746418173098
5.767124126566454,11.93921060303216
5.539136355471772,12.02951999846692
5.7347315778128545,12.344114979007355
5.559027869621293,12.345629660153689
5.485420314551929,11.97336147514809
5.545623381580639,12.40424528992857
5.786713005779209,12.686094128527706
5.42512519244749,11.955561595472295
5.629669291536371,12.317746031032671
5.597442026146674,12.128371184646085
5.8172920082481445,12.381719682019659
5.642084946918159,12.320350203728593
5.518223315847977,12.65356218030089
5.646681012988894,12.129877686486356
5.585063029493615,12.159848837493783
5.673569946946703,12.200162779084874
5.60422226162697,12.20329963293302
5.624298866336054,12.056560892785738
5.666960780265684,11.904604651350043
5.528330363835936,12.120791146046303
5.502283931580537,12.248374542682523
5.82935848632786,12.302107025162627
5.993001072537775,12.431482579969098
5.5820267331979565,12.076712348184445
5.66713316382915,12.339495712462915
5.818782252428843,12.161977949914988
5.701747006205508,12.208119418101356
5.609148020349313,12.194008573357404
5.626250836847577,12.275705872174576
5.7208119914137034,11.699869508029083
5.610429788138208,11.986668068963562
5.714395066471401,11.990915044272148
5.5730477772666305,12.498994242623452
5.735004456881259,12.568562441046764
5.587181939969044,12.467982964620363
5.717328657080154,12.121731085831719
5.632197356154577,12.051330037509569
5.54083588166192,12.221067424220712
5.899470169436819,12.69967442769146
5.6223427012395675,11.963276400133502
5.419005088606032,12.120624207194282
5.812828904348629,11.895106189987802
5.832423356303061,11.697960232497229
5.412872716433381,12.091328553088237
5.576477985778489,12.408271617242274
5.649067731495358,12.264168717901862
5.5740648423582435,11.85674663697697
5.54170787548486,12.330388065380392
5.903754948835872,12.135698946088775
5.5414684151736795,12.643402802840383
5.689133294603615,12.592407634393341
5.496630070335902,12.492971261352356
5.636691955146324,12.009841980293778
5.710314095924316,12.364824099051203
5.542009561468034,12.27121070120065
5.497198237819115,12.501878708053912
5.753279491364701,12.141559680254367
5.689269682730237,12.210761458808554
5.557614937164183,11.863209594505612
5.872798445714447,11.917005199176906
5.673995901909946,12.246398370165037
5.355729723199549,12.31572586414566
5.55149424835993,11.93621170813955
5.707029879705573,11.981526113501353
5.729250413216882,12.22614187725922
5.588771547541365,12.540349470748291
5.498161062657971,12.071586597862286
5.723606575914781,12.13892228179673
5.661515563907584,12.463654030291812
5.902398212757844,12.27008622757125
5.561405087355359,12.276506890278673
5.758345985059187,11.961785693062474
5.613299366208029,12.537867775794377
5.602538309881659,11.85741321539657
5.862030081742382,11.916390063473893
5.750157068186678,12.265195513740133
5.556227373108823,11.675732834076424
5.729815526314953,12.342429313300169
5.594399241604676,12.437504352958928
5.591960518833161,12.372423743253576
5.618273208382988,12.0211289834913
5.756940545207721,11.882529858394694
5.697705373652868,11.974101209637437
5.763266147573572,11.700123254704142
5.384305106935632,12.327749040881127
5.47969441832201,11.629961098515576
5.779006051095341,11.978830727947127
5.873410846284542,11.897394020541762
5.515564661672652,12.54427165814553
5.653610710371912,12.256496609676907
5.441894368440863,11.926031621899174
5.615255909720565,12.443114011973591
5.792369477856212,12.27416101725533
5.777280647802255,12.427845055333671
5.647212460570556,12.134202836248333
5.562853322893668,12.110172837112598
5.677202494453472,12.012693682581924
5.7783875733757375,11.856836596649083
5.963377415784882,12.172022140793162
5.409939766610404,12.048814678619472
5.966354918878946,11.997795919715422
5.566087094520889,11.882782182490226
5.561206485628816,11.839689457284365
5.793100178263321,11.706223073686663
5.900782637277373,12.29825684403061
5.657066237662364,12.478456459780274
5.7176220266684545,12.137712644408218
5.476212990630999,11.785592640122498
5.511218733734425,11.88739852119937
5.632812440210445,11.890483815448603
5.652673877200924,12.4362550923052
5.641274172074387,12.121954196957864
5.606272126706583,12.294193098060324
5.646887621916291,12.245232797024126
5.5841143264880815,12.126632008749326
5.585872684542687,12.017660517213098
5.636933621028571,12.039781714249946
5.611130937351858,11.59908244526151
5.73434848586646,12.209681208067602
5.373659054583761,11.638979797381605
5.6794892358903875,12.092735493540628
5.474282154143226,11.89498752702594
5.547655021396477,12.39484929336535
5.553297147699681,12.013996837867266
5.626901631118219,11.82350896864421
5.85557374810505,12.508457746034843
5.857813520034796,12.53335444543191
5.524605799261099,12.152191363980362
5.774951715780726,12.425807888956152
5.747204948125507,12.663664259604833
5.899889765939705,12.183482777273412
5.5924896924818785,12.147597679150811
5.226103528338358,12.143957738489684
5.888795846937186,11.95868019795433
5.470691356732441,12.465186454239545
5.716138049030621,12.14481915692364
5.647104392059891,11.843406439450009
5.654445817840724,12.079368985190209
5.645227126763627,12.418551419623673
5.608262490834397,12.203569988576547
5.6625360017722235,11.691274494160789
5.784087850246416,12.049785377532586
5.382690286124894,12.798343684404971
5.6946712910328525,12.117665432613627
5.684898916652814,12.06539580114002
5.528811118892424,11.97121037961796
5.6789330300381105,11.835666024664741
5.723913470438208,11.695350752266608
5.486874361178605,12.081132838524558
5.598221000422335,12.210170458417984
5.83485894730603,12.199273842226125
5.709937569383772,12.420595602735476
5.671290027186935,12.028017772533392
5.669824945219166,12.030791293810793
5.561599254774635,11.79204133636752
5.485669527880747,11.945982311166496
5.454014047692869,11.701838607668142
5.914711688394741,12.041966574234902
5.789992070288165,11.908919928031342
5.805008442939061,12.472908005228057
5.636225803509681,11.506216170245843
5.644009831161178,12.187308425605604
5.669651458853719,11.837318394073032
5.655748108864904,12.023951681455584
5.657615558919506,12.465670025385432
5.516724817275267,11.882023249960511
5.522011881025301,12.197037613761756
5.661339959736233,11.808904898559023
5.877566446598739,12.257257885561865
5.677640469141942,11.61488740129089
5.630458197310761,12.847045877204756
5.865529301406804,12.121717070002457
5.622565295456211,12.51987135840666
5.9239421474556675,12.236259512942338
5.810874091398727,11.876995543308597
5.593728665604482,12.023257077193044
5.6975220507134585,12.0418065815493
5.685349685292344,12.152022121584787
5.856091851517161,12.296395857524953
5.829316799669696,12.250981429828062
5.718366755970411,11.628917353397298
5.501502280592908,11.953172789703931
5.492001039879822,12.057603424079065
5.62949687158831,12.259902121757595
5.563725317313417,12.281942552319464
5.46871951117717,12.416133286338631
5.4507279774934245,12.133427485669035
5.340116409908619,12.250347994306383
5.743171466567841,12.716738460092797
5.645663981956904,12.159850971033316
5.5491278549334915,11.901431328151762
5.456026304742189,12.131253685699035
5.515388299648267,11.777857830832634
5.673053166269827,12.63423807166113
5.283606608051587,12.361821998411187
5.535497214206231,12.686714268936386
5.395675463566975,12.139224307329728
5.91951175719639,12.03298688715905
5.804039142776831,11.8967439520196
5.538711918000348,12.072014530995236
5.667606233866979,12.16508030387695
5.511946674603282,12.36712270822723
5.582053316867912,12.46347778790249
5.670787516740916,11.516369356777759
5.749790344251491,11.695687974566837
5.703925946517185,11.82565108180792
5.556272569133413,12.310272304607668
5.834347500977232,11.64111692578482
5.71061868349592,12.42184313156645
5.727725951065924,12.136138940975153
5.711495686050242,12.211010594066613
5.516099228324565,12.190667683472851
5.7464261651983275,12.0396893456608
5.746006971668175,11.985683732721013
5.921718327793448,11.995488505514984
5.803589903050743,12.067886300260735
5.523984949754744,12.392347463355666
5.510823672283728,12.299718367848989
5.707250212744857,11.976672023445404
5.807959464353555,12.071476555647543
5.596438279054453,12.02676691253888
5.693123364159011,12.038212711789674
5.34534119353249,12.073922266035213
5.523115683765805,12.378774223887737
5.613580632672483,12.164960732548192
5.55217917849924,12.080886452489182
5.627792866536882,12.06270406646778
5.642115118673815,12.272084087142762
5.75442224160445,12.239610988117382
5.3845519425763335,12.236116321980095
5.676387875535876,12.235510045651258
5.530940237910453,12.025045937803334
5.54843131153751,12.658163677352013
5.609255894098997,12.288569476818537
5.431255936519844,12.230491617824974
5.50841336593544,11.852384174681996
5.775313500943888,11.902109997974073
5.566070706069971,11.81403005359146
5.344063231740089,11.84493509323625
5.441313203024332,12.214413341676556
5.350810703367377,12.288090734774961
5.604719137595731,12.049523608707094
5.561339815199224,11.936341939546917
5.897239978517855,11.845194953657993
5.835562387855997,12.640622406926179
5.77216614233747,12.414797217566722
5.683891712444341,12.586551307335203
5.551838111477774,12.038164101976802
5.66472308825431,12.184034167188305
5.502314817966394,12.256836805834785
6.016625994053048,11.895449547642063
5.714760161752977,12.430189723317943
5.468663097375043,11.710584293767612
5.614869735572887,11.801927965855311
5.732634936624699,11.53530167282661
5.541095912856621,12.005593937618427
5.648948053353013,11.76071972576223
5.562360398026534,12.076805717698363
5.487885557808707,12.156635176597586
5.847160286025969,11.94355373695843
5.734531394517167,11.844423175680403
5.61773280957788,12.318413816851669
5.813360444677549,12.031626580573313
5.664775008187536,12.39285878487419
5.684837234786936,12.321003403222035
5.382303741451072,12.216906564239693
5.550184693196332,12.10862741215035
5.726311479461458,12.30168466494929
5.7903688990662205,12.220332507273604
5.802168818355549,12.903951388130842
5.479701559179169,11.954338581885072
5.625990843415588,11.970161437898124
5.650288714695929,11.707967783031343
5.763885138130312,12.61160716419585
5.8014802200275275,11.911589641913356
5.784097144640724,12.125809744836065
5.641910081345471,11.830330607240183
5.6220248939435535,11.773428801660897
5.632432367145289,11.953278488458373
5.806718168845867,12.20009534372167
5.612949309282706,11.68752429185855
5.687388194138757,12.156732714662994
5.515202592515224,12.203047193319483
5.708887233042049,12.405443473442284
5.5014875877816785,12.191175349309821
5.663083171647385,12.256065207704186
5.649555259343233,12.076749223541695
5.688897652491322,11.925505284581522
5.652263735318069,12.210737011061932
5.5977736889177345,12.109772417689928
5.561341900908057,12.16244436505005
5.667519708639609,12.050156361552
5.75142928434941,11.928965054968863
5.412588524522232,12.114763973174227
5.734844921719854,11.8270398770458
5.3867773669908114,12.344417199501159
5.373237106036285,12.331124021804037
5.676918608721643,11.898424055206764
5.353048132963888,12.258887186057327
5.5349717194840675,11.854874423759236
5.576147833142764,12.024546932999751
5.6739893567004875,12.55414119331709
5.665062871170762,11.828519499730401
5.494648772396812,12.067560640625434
5.623910388239062,11.811191749623829
5.626778955926923,11.834709200649623
5.680183719176913,12.126991647694481
5.685735515076778,12.330895041925704
5.598752716478193,11.702949215092374
5.457323713145381,11.97648612598377
5.473912284329474,12.091271261960692
5.652684532875197,11.946311318137761
5.837628559251677,11.791131081708244
5.47857901014011,12.33201515129385
5.8507243005448775,12.088622881911093
5.698522347316496,12.210467301295838
5.607555469362435,11.943532793386893
5.547358318383948,12.036090543303821
5.601192858046598,12.208076401684728
5.384203442712521,12.2997029454379
5.638040428541697,12.183151710139935
5.542018637862442,12.106103609670036
5.66729482340779,12.165273554827646
5.701254805135226,12.31873120339227
5.63326016751008,12.052604501204677
5.44342866145474,12.755281414021582
5.726250293889858,12.492924021729952
5.435758117900394,12.219068025517569
5.691944117166412,12.019956387438098
5.774689093408394,12.512630741070517
5.621987591185897,12.412388552877262
5.7775051493318035,11.942518790773557
5.583700788020379,11.789559133234002
5.82921863623559,12.476993016591418
5.4987814077411565,11.720651792812886
5.4157171885155435,12.622921431018337
5.706097726539856,12.39914697047756
5.807629663385569,12.284900360354513
5.506067815957944,12.226172431184013
5.66177250282759,12.022636796853531
5.462674440441487,12.361621418077304
5.297787896855032,11.919942411340866
5.732833162042131,12.352312132026118
5.640886009076473,12.28169110059228
5.773473388681474,12.332283096231759
5.7157438002055505,12.234399110262919
5.421021303762079,12.25791745840808
5.897734367100299,12.509398123243542
5.508320244420516,12.146499533372051
5.484358407552172,12.27393966178225
5.540748079930085,12.589291729190542
5.337556277298323,11.887860211877372
5.859042914133165,12.457596442712159
5.441905458558066,12.0971673230426
5.607148199756752,12.006583549240075
5.455834988051727,12.495130705513313
5.555027321152172,12.129506422226864
5.8768156230705095,12.196254268801628
5.531838805586563,12.694031119001531
5.632205109755711,11.754067249854218
5.54395259922273,12.218696427838289
5.3939739088265855,12.096728378685482
5.7394888402600595,12.018598173012716
5.787035105933895,12.758691822260753
5.723472640380847,12.858011327029532
5.725154257250975,12.498356206025724
5.796319892364956,12.448217481358085
5.664409403226419,12.216758683297575
5.468530996261756,12.22064640225297
5.641716848580601,12.156538755020781
5.534622297850933,12.92980345178302
5.777352047978951,11.788581795754245
5.861960717354345,12.394158143907545
5.45166887031287,11.870684446371998
5.573637629949292,12.170067546218972
5.312571821715487,11.975298948966106
5.554132400474961,12.557167201318023
5.787528730964505,12.434316560199196
5.604315332752311,12.1199797283336
5.425593866363525,12.487539834809288
5.697871988256444,12.397685516013388
5.648214442164675,12.584585772572634
5.720211472583235,12.328723547955054
5.57162391661717,12.212920687883642
5.548711049844535,11.738735045485758
5.7428304402939805,12.063782439515933
5.601808982386513,12.191947947421639
5.460176257191125,12.09833405251001
5.570890533426566,12.009575681860508
5.742439186145812,12.051096752491905
5.411703293912398,12.495645439961237
5.562718722185235,12.510758890574312
5.760710691060456,12.415058598766405
5.669435580894534,12.835143065553325
5.573734518479786,11.790034989592948