0.748681268995506,0.3686604200547766
0.7848240534974121,0.3739270189159313
0.760047054193271,0.35978934722535216
0.8015032790041706,0.36487515390792896
0.804467186238448,0.3784158838670936
0.8067952769403814,0.3556052021971382
0.7927284001952873,0.36019932895672485
0.7621900354678229,0.362524597316047
0.7977910447034019,0.38582394685541893
0.7416273209820999,0.39229470687250523
0.7435090093670959,0.36726634707530126
0.7660439357801659,0.35693855178107814
0.7502376754768076,0.3774961445849557
0.7482602679304491,0.35685206677922715
0.8054674610477276,0.3714469176092397
0.8250366683915427,0.36465070746736183
0.8195839206670505,0.37937887165258005
0.7759939308936586,0.35988767365330143
0.825116837061503,0.3644343821648826
0.71299893891389,0.3537762765988786
0.7973663979642334,0.36743427040671867
0.7266633024472626,0.3765492916327067
0.8321859950714143,0.3608964116015629
0.7177242989134882,0.37554176420512897
0.8208332246493473,0.3579960193348643
0.7903572672555546,0.3805864935641168
0.7509651763673795,0.37986267652457095
0.7604084825229191,0.3546207367843968
0.7628032536900522,0.3684128674645182
0.7431694925297939,0.3634577264260001
0.7850645586535274,0.38099026444135575
0.773661879517621,0.37095337024059677
0.7817974491075124,0.36432271804927013
0.7843881365562406,0.3684427914761856
0.7570004208442036,0.38378878653659204
0.8149565107241106,0.3729635289590813
0.7491954318209558,0.3704375645971669
0.7883847250927482,0.33708797228172793
0.780217111699513,0.36204691063856476
0.764547531095211,0.35242895992470813
0.7515819987021806,0.36209633053206086
0.7396424739035375,0.370718019514209
0.7659712365687749,0.3894885626581954
0.8060197689436199,0.3533690327608379
0.7903656720403003,0.3736371000049185
0.7855641561288981,0.3509384521407887
0.7938344435208281,0.37377821606271966
0.733588895236428,0.38714247268454194
0.7806278162490388,0.3829026344525566
0.7964745282189312,0.3703603597564938
0.7354144166145938,0.34260377725857444
0.832471333827341,0.36260470029355524
0.7441506187958227,0.35024335960783615
0.7726398290227563,0.35019892184533774
0.7803743265655221,0.3851484215976583
0.7403284368247935,0.3604237273837275
0.798930535513104,0.3713688340700266
0.7792611892422233,0.368536655518326
0.7869312520496226,0.3555654039096677
0.7730099809017484,0.3646680657351717
0.7936810241614095,0.36405224962477506
0.7650276938649423,0.3633414676486641
0.7652682475011628,0.37161062958649194
0.8453176689438905,0.3730850520446806
0.8233746998315953,0.37213031045366535
0.820550437814849,0.3702074850647329
0.8078057857288911,0.37697340140372537
0.8378071175330717,0.40218878157193805
0.7718596306340079,0.3485760121808095
0.7665060106173386,0.3491468811477165
0.7707073345880823,0.3707620000454622
0.8430253821355133,0.3777591892029782
0.7878433270971268,0.36099840446436393
0.8275175665093654,0.3875323237381586
0.8240425758116419,0.3872409215616988
0.7952095175910584,0.38444717244866156
0.7628527870931868,0.39685259623382946
0.7591763052105662,0.3718431241343586
0.8104899303672126,0.3597082902483675
0.7987027578364659,0.3797983649221004
0.7338438180823428,0.35304708489288394
0.7987812411342561,0.355719173176201
0.8085700416271341,0.36067635427209316
0.7866825849638533,0.35365252964320965
0.7728965838782305,0.39203554201007623
0.7684580498989939,0.3662485097573406
0.7379636508567744,0.36549589037527574
0.8103846944925177,0.36977184943315444
0.7687324490801476,0.3750521994340848
0.72340792972975,0.37516899159929884
0.7891926988479749,0.37153222215987575
0.800140021171006,0.3973574539326614
0.7960497571342471,0.3655372140551519
0.7579302114565304,0.358805083221493
0.7523754636294882,0.38657343621571705
0.8044442519319336,0.350744204630162
0.780250864444729,0.35997008663106417
0.757818842372178,0.36573271235598
0.7520466767198164,0.3507702593589753
0.7273329333491038,0.3646471795006194
0.8027045966362681,0.35489947940734645
0.7538635123033081,0.36690019029672444
0.7911445673894768,0.3581503151111276
0.7730313267233665,0.37361457868613446
0.8120156786120641,0.3665451205403833
0.7914223488789729,0.365244966880146
0.787513070700073,0.3793775418965957
0.7500283330970486,0.3626575426213985
0.7348424680782545,0.36477533580141436
0.7509970545395249,0.3759311621941012
0.860471068024641,0.37461927865180483
0.7814742535937911,0.3768401062544569
0.7894070136971189,0.3637361013485444
0.7747066837084045,0.37103691493580604
0.8144750775734864,0.37031923215834306
0.7524058222234277,0.3706079198669416
0.7678663187412017,0.3759923015707481
0.8086405833213394,0.35990625069270227
0.7813269797296152,0.36940118832471003
0.7787915281087524,0.36786405748525486
0.8633360759362274,0.36420059997390447
0.7856010682414549,0.37283934900067495
0.7556504527065023,0.359456552297555
0.7779608546074985,0.36708185135708216
0.8243329936876581,0.3705625991256466
0.7662247454110482,0.36475099249030785
0.812449654971978,0.3620363726512728
0.7624897681445266,0.3887391819590758
0.7634453039709564,0.37894943000067904
0.8108304774074565,0.3683212425084005
0.7719230682608336,0.3557779876371991
0.7772758595913013,0.38107101825259526
0.7690080810132134,0.3575447305228149
0.7491054027836613,0.37706155583705236
0.7294347326292397,0.36213589537723356
0.80299086216623,0.36002684289596937
0.7891903275961819,0.368729758888922
0.7741182167979245,0.3610094685632229
0.7568203210782738,0.37858012532745416
0.7739062492217673,0.3841111273699592
0.7544281486508183,0.3715130204596338
0.7953540367698617,0.3631435087068214
0.7585869533015405,0.37868673368557815
0.7690582430917332,0.3704839053709957
0.7825297654306401,0.37380389354893123
0.8040763647171779,0.3660064336207313
0.7609427357014183,0.3794067062768673
0.7342942134344819,0.38686552244864886
0.7753375599090135,0.36336301009932764
0.7800430837212478,0.37210689933561025
0.7912565546434517,0.4004560036257798
0.7679518398033458,0.35223470614267455
0.7623692245909383,0.3667534408184858
0.8093415511457565,0.3623817691039755
0.8025584212013429,0.3709874052999327
0.785226196651611,0.3708570645285739
0.7735457736563081,0.38585331730197925
0.8001889799339403,0.3673837452155169
0.8655306149355498,0.3633186281768656
0.7427672330157014,0.3784030969965262
0.7667876135612244,0.34935334684547287
0.7460596880254307,0.3958830583653926
0.7593215037610036,0.36792157179868135
0.8358952645658325,0.3559549576147467
0.7698134192108587,0.3704297734406296
0.797289195707648,0.36028412500588475
0.7554609891396354,0.35199681688225526
0.7740727108799648,0.3767630808719365
0.7594557051838063,0.33151958635249035
0.8088368150911742,0.3742648358240274
0.7640632101137339,0.36727868536234193
0.788926674294004,0.36310812052913705
0.7223398255762531,0.36495675915775055
0.742037513408492,0.35973029067391304
0.803879880217027,0.3735751133208874
0.765847652406622,0.3655683042040439
0.7624675387533748,0.36617174584116824
0.8307447195402701,0.37827153061226326
0.7827060668461202,0.3602370012164993
0.7534183351910274,0.3565725492390636
0.7335421688485568,0.3635853745044154
0.7678650644931724,0.36421786736878753
0.7594157337536617,0.37387220294396095
0.7458787426448876,0.36544574188890927
0.8222500594792839,0.3877644509387803
0.7588072765516714,0.36893411740451976
0.7822684092240593,0.37905200104215536
0.7618622513013859,0.36153941215510227
0.8369132357670859,0.36604745742651634
0.8263007969019419,0.3735987936651838
0.752365067979968,0.3806143432567931
0.8133109829715828,0.3781870738200633
0.774080245103803,0.36823929786915843
0.8069023238561671,0.358850124366812
0.8615001786569708,0.39067830241807383
0.7602443129797383,0.37103237857579985
0.7433870292329791,0.3741321061757454
0.7173260419718707,0.3855033035837428
0.7867261488052831,0.3680451662501239
0.7748748852370894,0.364482058202587
0.7468951383847418,0.39508906862653526
0.8204685194602428,0.3605076797062684
0.7795817660522223,0.36696142960469846
0.7603990873126095,0.36290358462646655
0.7811473312928982,0.3764722246829283
0.7706129727637445,0.3595971658454182
0.7395171879041508,0.37191473974146294
0.7928141712346876,0.36766685214723765
0.8142535667299625,0.348439282955521
0.8057245080717875,0.34985869658295693
0.7376194449805884,0.36769870776729613
0.7969262559637311,0.3533545100197892
0.785217744940312,0.37394582683895367
0.7345388932876257,0.3796271229975954
0.7344339176314695,0.35268268930901525
0.7623382642020033,0.37164720291958797
0.7782879044392902,0.3523094808678635
0.8177854392929125,0.3678603287868412
0.7932658497437735,0.35060082327566444
0.7762489411369348,0.3700122572582324
0.8038990262706747,0.35449783956515785
0.7879407369205773,0.38146080607539723
0.7212568592778262,0.3592943732992752
0.7546115030978559,0.373509494740671
0.7469147484747769,0.35563306859829436
0.7714177514015876,0.3739385652014579
0.8072697040414977,0.38445223391501704
0.752496287806968,0.3616920796317148
0.7919328568243706,0.32715905288618263
0.7913313370375857,0.356635279597822
0.7374364175738696,0.35638975829120173
0.7660321254109411,0.3609172360247331
0.735568388982439,0.3576144229951322
0.8298550007406046,0.3764837283304299
0.7640551562979441,0.37236935676283406
0.7359084731015287,0.3686932304157155
0.7974034314734196,0.367597444834095
0.7730282778987027,0.36458507765282006
0.7970358631798591,0.354553682695598
0.8429366110466523,0.3770702046731117
0.741269284579903,0.35386487619736834
0.8191956872411527,0.3535534767570349
0.7848619309258142,0.35674664658190547
0.7583795925547498,0.3888647097710578
0.7725151130444353,0.3557746415308704
0.7796228353510243,0.36796983383512216
0.7750141454906506,0.3763628148649374
0.6922483523999237,0.36485330838776175
0.7785445169674533,0.3589860096248404
0.8258418426969042,0.3618242351416198
0.7494464516522759,0.36499216161775505
0.7964798164372726,0.33050191303154136
0.7537166792095826,0.3550945022246508
0.7536354215719868,0.3626115378517807
0.8213036540567843,0.3515354384929269
0.7741207248198597,0.36129106828594726
0.7672837213754075,0.37700490100742573
0.7709570283733936,0.3669694823242143
0.7683071287900994,0.37015863090311124
0.790785219727313,0.36678050149812486
0.764176869877625,0.37609514883312867
0.7909638036046736,0.35255756964888524
0.7417423117506186,0.3815375440966877
0.7589512356205841,0.36280487546523443
0.7996880870030595,0.3794371451868258
0.8256070894070768,0.3798429388566464
0.8006169298371891,0.36058852220775955
0.774857286067466,0.3751003444307376
0.7871374545359944,0.36555090285854364
0.7525085640178135,0.3704875038502304
0.8032232780217102,0.37133013868944775
0.7961731062412962,0.3686445339727438
0.7344007516370833,0.359862536264802
0.7582106777741537,0.34908771527567617
0.768092024243697,0.3653891229091627
0.7470436860658266,0.35192949768505055
0.7981033309382337,0.3597240686871522
0.7527387974080615,0.3492109131598043
0.790875189537989,0.3981963992534071
0.7920370733887071,0.35766361974219635
0.7481450447140405,0.3690185091291834
0.7787727618759654,0.3743299388134183
0.7892076092132632,0.36776478382948774
0.7596951211210148,0.3984604658946491
0.7307537042945618,0.366553311880127
0.8043423752960148,0.3764659009578458
0.8454751271362206,0.37378298847372426
0.7652837550188473,0.3791158935369111
0.8374876907159762,0.36870519287285186
0.8143856072635377,0.3698420096491259
0.7398408049718922,0.3937050295144937
0.8021030773708755,0.34961089177296306
0.7502929773023786,0.3675275951458023
0.7454356099550498,0.3586439007608184
0.7998971332146964,0.3516633960803755
0.7597192447364852,0.36962070046900913
0.7960867105066468,0.36554844466735237
0.7731309218958183,0.36893840864222466
0.7587697124011413,0.3581242002027663
0.7610222643901513,0.37040700159361306
0.8169539881794067,0.3696816249107554
0.8128579361413173,0.37576208311200326
0.8065276076064108,0.3674508480386455
0.7864201453754734,0.3587859410291905
0.7734436510256172,0.3581465896690017
0.7815211716944512,0.3610295871165846
0.7879984819854677,0.3759485287745111
0.8094709549353128,0.3554045581335632
0.7990753116862646,0.3690746529069788
0.7721583020783331,0.35912067584179425
0.7582570956267825,0.3735713919330695
0.7761082040098035,0.36669793918682464
0.7091655947418614,0.3597079601016672
0.7844204002708932,0.36138228186421334
0.8374271024942115,0.38249904366348825
0.8375225087314035,0.36835248349543687
0.7988871900081888,0.3600114864165749
0.8077262701787947,0.3618112225358931
0.7801904946388952,0.37270527009747545
0.7901838193507228,0.3549692844185978
0.7717285160136973,0.36037164249653886
0.8293556652446574,0.3437603188433882
0.7841098021736495,0.3556880294593001
0.7289622307696825,0.3582288849015908
0.7649781495050492,0.3654040559291161
0.8613217223952276,0.3929555371048022
0.8095098992805292,0.38648251476136763
0.755486062535521,0.3725924074332122
0.7539495641414704,0.37876355632203584
0.8054618749234188,0.36540046357533107
0.7830753136730613,0.3705057234701898
0.7424354937725431,0.3620023920713832
0.7495393882704559,0.37023124616609876
0.754033240636345,0.3607500016701008
0.755989501532906,0.39411982263563394
0.7921203143833809,0.3824228443485423
0.8112816104276782,0.3560365152226033
0.7348134278531433,0.3498204981416637
0.7723181711115763,0.36431814870391954
0.7764802089374785,0.35727225926652423
0.7477323426055017,0.3744082488459658
0.805583420412483,0.3688559998679468
0.7420150192444293,0.35717629246633126
0.8418345454084223,0.36062833620432794
0.7871278525647579,0.35652117048741705
0.7358521326278809,0.3700421927906754
0.7517333945727194,0.3686703393919065
0.7882320894184439,0.3719330847540387
0.7839313508450204,0.3644977315628927
0.7878178979454432,0.38921221144508517
0.8171960367348242,0.3412914712898196
0.765702054928822,0.3693203623980612
0.824782869572969,0.38042866244135537
0.7882434547655193,0.36446601265539286
0.7616428814467922,0.3572357414436795
0.7389829114902359,0.3610527112643104
0.7782368008261222,0.35171794378812776
0.7492170200827142,0.36495046437859346
0.8205787353253837,0.35379843331913324
0.8052779135094501,0.3784675716692215
0.7660400603114575,0.3612329015706586
0.8210095769046004,0.3877917900805587
0.7216890882248601,0.34219087279159305
0.7896250140351103,0.36605520251887247
0.7469088012288162,0.36382852517058006
0.8221581474102576,0.3726706400783331
0.7339922592342629,0.38310770593877597
0.7636640831804365,0.3511838996829472
0.7712603588546486,0.3668893784871742
0.7026970531182963,0.3787472500133615
0.81268065285689,0.36526521481675867
0.7716127672400134,0.3572429218017943
0.7721291500347135,0.3758763051680866
0.748198667210184,0.38340475750653347
0.7706671040197874,0.37246357823666437
0.7475949752052179,0.3623568201462029
0.801257300584061,0.35310760408657255
0.8038764964270694,0.3626734874910919
0.7751139878243408,0.364627460931438
0.7738574622441051,0.36871771673433185
0.7909750162170986,0.367244217453524
0.789426232337305,0.357905773972414
0.7993831104508716,0.37546160295891046
0.812122021671441,0.3524421764679025
0.808802497384192,0.37458242631083505
0.7640584424093136,0.361554733151929
0.7823253599322288,0.3646146309224337
0.7792862476938717,0.36771362917932016
0.7657129536826036,0.35758507903296677
0.7539927572142416,0.35605399006650834
0.6973331292835079,0.3907043163103503
0.7556029466569186,0.36068569642805176
0.7666968603777368,0.38199184445789036
0.7400637158842057,0.3694098926092515
0.7706247002825785,0.38624898167575095
0.7697314474408757,0.35526244525615414
0.7194293915562824,0.36205359145420335
0.7750209532410015,0.3537977585903171
0.8016858178023891,0.35245068469770346
0.8003024961159597,0.3766032986826193
0.8065874468529756,0.36972733999800417
0.7959713792795489,0.3553284645527475
0.7364595521249305,0.39316342305467505
0.7871092432793544,0.3609076031060449
0.8040927670758296,0.3675696171747077
0.7665407037014333,0.3780191654384572
0.7504102614696196,0.3806563298858303
0.7435096180532602,0.367871789354773
0.7725884174234796,0.347407267636537
0.7737719017697628,0.3539720902383055
0.7659173855615589,0.3756310421751471
0.8025634278582165,0.3844752554346992
0.762944789255606,0.3615100662616727
0.7929101443965447,0.3595207579581248
0.7906194245044659,0.35169227802886704
0.8169463598864009,0.3655545474272649
0.737448231553008,0.3520264045962635
0.7762246822983332,0.3746973082155361
0.7754388232936443,0.3615289244113898
0.7677993185970459,0.36720430383998587
0.7229436320813276,0.38097855004765774
0.7859371155418253,0.3772916592734471
0.8028711097957315,0.34064472667219015
0.8028644962151645,0.37332074948965
0.7682402471175044,0.36220718042953226
0.813527604037396,0.37502972400876267
0.8362461395714847,0.35128046985935607
0.7769385555836049,0.33559535538108115
0.8432276719637892,0.3779423024771111
0.8110903585021865,0.3628188057106417
0.7949475762326296,0.3629011314465087
0.7534819889848332,0.3477104243704928
0.7911923273594286,0.373908521966197
0.781343797534632,0.3610098316893307
0.7971031232109894,0.37257383642133896
0.8148671294131486,0.36307494368233334
0.7755094430104619,0.35278811091358947
0.8314589301581164,0.3626935022367102
0.81546944123692,0.37384439202847863
0.7998734095645926,0.3652418537946319
0.7551160392336671,0.3685384486727801
0.7569371883011105,0.36893727077379507
0.8134531925597472,0.35746474241825804
0.8691146569958659,0.37777344285036013
0.8188270487481485,0.36375868211679985
0.7534593298033913,0.3530885387947086
0.7977817020552107,0.35145971825335526
0.7758547974833961,0.371910463767525
0.7834525114434218,0.38502626782470434
0.7489049131532086,0.37205389668692534
0.754439064830582,0.3712967941624779
0.7742777358601336,0.3682980377469553
0.8015992894920326,0.3661282173157117
0.7996927186425077,0.3756073504654771
0.7923063976926946,0.37356165854521994
0.7485438838689444,0.36758294451096624
0.81418598822032,0.35308284448188737
0.7681345620407679,0.3688950174667119
0.7980049992907317,0.3713247246414488
0.7757695884768243,0.3862781466254267
0.813697466896896,0.38833470391032376
0.7797118739763114,0.3538505368138199
0.775843461918041,0.3643658306308342
0.7955390167532346,0.3632605437892006
0.7625478560569883,0.35327093550809935
0.788660074034884,0.3863554844664723
0.8193802277975863,0.3809175730241625
0.8191810460529907,0.35954502009082306
0.782304561477146,0.36738752664166263
0.7581686075954241,0.3673142764272787
0.799231133557524,0.36641653735299173
0.774646111818504,0.36783109497606614
0.7813228536641944,0.37859812465974463
0.778875946757841,0.37819667105880855
0.7270175794051424,0.37158278562616276
0.7460367981752332,0.35563114227153747
0.775516939010426,0.36438946184177734
0.8132533712721216,0.35640901823407906
0.7985720437993252,0.37412150670824296
0.8403973586466635,0.3682683760423545
0.7663085368046605,0.37447407775101504
0.7211803103624623,0.3695775185070126
0.7948607646154309,0.3573977016477309
0.8289352996129737,0.3482275939841247
0.781221928140801,0.38320851022847346
0.8092397321076693,0.36400253892401174
0.7646024733124525,0.39101183260462746
0.7979513803513616,0.34493997206157656
0.7676543435614106,0.37289931917826463
0.8203316401135097,0.3430787957783162
0.7557841113138651,0.3854794311300536
0.8039072754025377,0.38005279658504165
0.7494635030380999,0.3665827078105843
0.8064966637176064,0.38018468057051724
0.8061430927493137,0.39145437006009537
0.7668338509978935,0.35248978729720787
0.782527614946006,0.37199572780724105
0.7733059527384797,0.3666233743704411
0.7678478687731326,0.3426589343109704
0.7291053550299689,0.3669046947538539
0.8395945674054038,0.3623968246615915
0.7948937291881072,0.3889515829356808
0.7724758614711382,0.35455186087398294
0.7366238786298186,0.35858221178338373
0.7557425639672518,0.3665886025383547
0.77658160838383,0.3773883048743428
0.7550330804209828,0.36262339134785826
0.7570419513318719,0.3692857402092023
0.8187297550998939,0.3774099369156801
0.787301697872598,0.3761476098271734
0.7551547687592955,0.35062675813942706
0.7653192816683168,0.36516634008686666
0.761977088888108,0.3787222081257934
0.7529800085105942,0.36397080622984085
0.7539727925075594,0.35474535241773647
0.789465179530869,0.3976734945524151
0.8032609861082264,0.37182507423334366
0.7583451736756374,0.35612989906310394
0.8180211841329994,0.36662644074272427
0.8052657146014969,0.3628083471970475
0.8417756454165621,0.3741513374928468
0.7668674726027387,0.3629970164658749
0.7684551357799697,0.3437206325995619
0.7932194566550159,0.3699134040927597
0.751781165743992,0.3797711106826737
0.730800306923283,0.3654288555052932
0.7366586257954149,0.3633796638270864
0.7772460169841515,0.38152845137294095
0.8196240225299743,0.36168649693917687
0.7733537204819666,0.3690823932647892
0.7777958130490596,0.3848243863896944
0.7730401824640535,0.3769655224914147
0.760975008144405,0.36159190180604206
0.7456919923076681,0.3605138563109499
0.753326295135986,0.3706492316105423
0.7677557903632557,0.3702512855667478
0.8337697039488551,0.3575905623065688
0.7621827594023997,0.3749478848016895
0.736932227373267,0.3729268840832719
0.7121310148700886,0.3722388127559816
0.7777452961127195,0.37214994945068447
0.7861419354907326,0.3805828756623659
0.8056167643138198,0.3613841591723526
0.8430869484053878,0.3779764615280651
0.777954514452843,0.37061638441342665
0.8127147072435545,0.36408741680846607
0.7956291552153056,0.38957131844988563
0.8242499473137826,0.35847367496232996
0.776749444010911,0.35625667891165086
0.7501375520179814,0.39613787894688696
0.7959213437673491,0.35928955639192856
0.8366441745004866,0.3769848223343968
0.7474999909484065,0.3650137182702199
0.8373514718993924,0.3419423853344794
0.7629455180674547,0.3642592316241523
0.7191247673843603,0.39307932710935695
0.8184256859845077,0.3600424024074527
0.736497015035776,0.3687857015600722
0.7367775758425401,0.3566541752021525
0.8253712399328333,0.3838945577849058
0.7940070482797946,0.3833432155854091
0.7969669618457876,0.3695201576205615
0.744374419398206,0.3515252866608436
0.7656998265897087,0.36863744471852344
0.8023114452965069,0.3799660900081033
0.8147487434187731,0.35697403223798163
0.7591748400852257,0.3648103978731327
0.8120879147812683,0.3715070492661338
0.8094694642107153,0.3500546114901177
0.8061490494819972,0.369915744513149
0.7574478842188993,0.36518655886595064
0.8147999219103734,0.358404828562881
0.7340547743658433,0.35814240709233847
0.7823794656582534,0.3625583126194508
0.7895201892430642,0.38169250269973465
0.8234693533329728,0.3742917552889023
0.774204276427503,0.35403490531808957
0.7699353523040438,0.3547638070561827
0.799977731333893,0.38153066555539644
0.771973857957852,0.35103132798765163
0.8050984035623563,0.35800140267952774
0.7291343389421584,0.3636500662537122
0.8489887379232484,0.3640285587544603
0.783778686035933,0.4057661639820399
0.7869516731223586,0.358886814852307
0.830783745849887,0.35637225183503823
0.8030452481085623,0.3504428887616182
0.7923480361530474,0.39609686692048357
0.6818398128032832,0.3707943954557942
0.7740986911024239,0.3790559201519958
0.8079544524352754,0.36089335511863485
0.7947393390486249,0.36424220122608436
0.7809001968529788,0.3606878164685511
0.8123884945684602,0.3487707309843332
0.709999095538175,0.38724799156676604
0.8005550773305706,0.3587492557953266
0.7380347512375421,0.3651214542487112
0.7627275840848641,0.3679539829098675
0.7959020482053029,0.3655973354910171
0.793155386822706,0.3726502168080166
0.7502837328014895,0.3502145420350149
0.7500673379925672,0.3880990679994254
0.7580041208080752,0.36094217380019483
0.7819475765773076,0.3497558833567578
0.8092173764020696,0.34538632018667703
0.7353647029081013,0.36775070244152336
0.7993280859606574,0.3646659344653357
0.8144931229888833,0.37727057999017394
0.7686778765524965,0.3505956074323169
0.7876895730924058,0.3632902597215286
0.8219342091399103,0.3754571207427352
0.7990974209427667,0.3770103052118502
0.7762332291338447,0.3854519638121108
0.8143889272786488,0.3577983660479168
0.8027779889800011,0.3698665763227242
0.8313408107119976,0.36832831017042067
0.7781938958685053,0.3941237949620253
0.7835559589079832,0.36791120337959543
0.8175888658942352,0.3702709381612908
0.7324594274991464,0.3834723267184222
0.8063201120911566,0.39528641907188494
0.7403660316849432,0.3640540243008985
0.8111339191980194,0.3774318734503886
0.8464043605644725,0.3679474611466235
0.7230314681618693,0.3920840030776964
0.8324098580534096,0.3689944508870702
0.853049049559845,0.37468228911370244
0.7376229191027223,0.34924821762064884
0.7869886100067921,0.35141476248087655
0.8204976038186386,0.3613177626953237
0.7528953352552901,0.35577451975238084
0.8190696492371801,0.37904374408472385
0.8336588385963363,0.36406914071418006
0.7336341046002317,0.3857311622942402
0.7990459007915578,0.3700070365525483
0.7615626416083563,0.35542381539877427
0.8161313357609127,0.3455138861903175
0.7564378283868373,0.35617193636626043
0.7484705925109982,0.3851197158694248
0.8102757674764688,0.37296335082630006
0.7571951993450533,0.3844790050869724
0.7408696388385706,0.3665272360358011
0.7435623325350088,0.36706779837941234
0.7449322519499446,0.37340656196219585
0.7609126483916886,0.3716050946767675
0.798043743063536,0.3805246912950043
0.7741922550089325,0.38071716692149365
0.8005653366665179,0.3760418779314388
0.7663972047587578,0.3470274388328392
0.741998103879837,0.3590095152665757
0.821380491319978,0.39039346648764484
0.7159829106493376,0.34469817635719274
0.8059766072497235,0.36047550905589043
0.8512384864473682,0.37121822313555475
0.7975420500554441,0.3772465902199281
0.7471759859884859,0.3810288760527379
0.8383807163987103,0.36503005632934604
0.8000442687446166,0.3601963489789687
0.7651964754306222,0.3595429180858971
0.7573098635973234,0.34897143671363423
0.7927997002473869,0.34937891096110996
0.7838142989214084,0.3750211170028791
0.7703860250569357,0.37180292813376714
0.8019010090713581,0.3633243753701732
0.7206734554853447,0.3744144817600516
0.8280276230645335,0.36729787889126725
0.7682254928355995,0.36485184801139203
0.8164874753076733,0.3719628281704495
0.7879330982440879,0.3572550723945396
0.8146309811355538,0.33872556266949055
0.7873854705820676,0.36136357202951697
0.7601958629508431,0.3631318976103801
0.791616300364367,0.38253578934961346
0.7806404757032562,0.38522394072007515
0.764971368715864,0.37871263723663146
0.7443480650791147,0.3700136771602315
0.7959571382285151,0.3859316742108926
0.7794726768234261,0.36870016718240756
0.8498255052603362,0.35855311740692086
0.8435359405121838,0.3711973452952813
0.8043850748576634,0.36870813757646953
0.7790448939851252,0.35062508490606636
0.7763070988943547,0.37397173005997275
0.7874210913048054,0.33849315591680085
0.7674204777479633,0.34628505770986107
0.8159733368965827,0.36507380427210095
0.7405247690154936,0.3722782500109693
0.8279901666497786,0.3752297320527164
0.753397399996676,0.3781110644985018
0.8155642636295998,0.3653098446255929
0.8354109883955488,0.36910903887177104
0.763464531156243,0.364332169841639
0.797367311700982,0.3655808856044692
0.8414212142270987,0.389102191301974
0.7573340201274125,0.38103570185225255
0.785783730179085,0.3705628142824331
0.7905660772424751,0.36812794736417204
0.7743507617349009,0.3559907406741795
0.7565742380037362,0.3882913750311002
0.7734001668071031,0.3579388797599104
0.7517587938937688,0.37041661420304034
0.7596081113933771,0.36614785596556226
0.8183046636972982,0.34792090205547405
0.8247848255850795,0.3465973445051568
0.793278254270151,0.37950300006075616
0.7892757438628839,0.36403810711593854
0.7844292505933936,0.35847448099349716
0.8041918302534196,0.35465768263903225
0.8041266001968149,0.36254869210489216
0.7814415806149836,0.35935637121405445
0.7544098305475628,0.3585732713232047
0.7547349539507227,0.3675046621712931
0.75002709359826,0.36060309986026307
0.7771590462554798,0.3682317123532055
0.7532277097821525,0.3604004455544556
0.8209300641709681,0.3540681614978344
0.7683243211857332,0.37189326145472523
0.7721382855120422,0.34958949044288584
0.7544720934521858,0.36404838717285054
0.7842923927320249,0.35844698660062546
0.7762499907010779,0.3781174535576076
0.728239084569331,0.3416302975112724
0.779593213010701,0.3951494079547646
0.7954146214734151,0.3783992482166931
0.7804137078322526,0.3645581188897304
0.7722202029272477,0.35768433323205495
0.8090528940079987,0.36317796919780776
0.7631054209917643,0.3673115313326695
0.7896376567403821,0.33207100634732645
0.7676360316234181,0.36964250447514163
0.7708375621633189,0.34903825226264223
0.7460937958019163,0.3556487580327529
0.8017380509612926,0.33939200040624756
0.8259082506365575,0.3854774114527597
0.7747196188926202,0.36545295096502184
0.7788165783111766,0.3459493270892969
0.7660177933387939,0.3603626199849703
0.7873478600451126,0.37486414399693097
0.7713748978698721,0.37821134756401453
0.7831626197547185,0.36960061446193887
0.769458884495366,0.3401644127575401
0.7784479217404472,0.37863799506137064
0.8145584349402362,0.3648970822659051
0.7361320143177813,0.3593528004925238
0.7368907448595112,0.3529280855477084
0.8340486103862088,0.36736511690688717
0.7596636877820883,0.36551906090100617
0.7388167293920076,0.3551735858482239
0.7973332503791526,0.3767055929286
0.7778594223501526,0.36193410970084156
0.7194838549211943,0.3722164300414399
0.74763188736395,0.38522695726353545
0.8132192278779613,0.3779992995748186
0.8014667219738889,0.3908138384619919
0.7960066922562529,0.3607024661823828
0.7924212154222756,0.37444797407940744
0.8267578308232315,0.3900509494150664
0.8093681780940077,0.3922503331704829
0.8029150002408719,0.3975637925585771
0.7532723449471148,0.35096310671385644
0.7463673228088543,0.3780983914422288
0.7643227495506318,0.3642680664019575
0.7775712817534288,0.3794572389166469
0.7375585849053556,0.3840676175124693
0.8603090588211758,0.36297311161105383
0.833161533631297,0.3714089989444347
0.6983811029712635,0.35808943419726164
0.7872942804161751,0.36284782803193805
0.7616394268331971,0.38556205717419406
0.784628070854344,0.36458396773459595
0.7966337558522654,0.3751069199969572
0.7183219498445522,0.36941088561899116
0.7739491694077633,0.38818379449163953
0.7721599572175236,0.339536440280053
0.8220022712951931,0.3638113828401673
0.7823340381803783,0.3798587493997065
0.8037152753922915,0.36560500407080815
0.8129712034702177,0.3785879167173568
0.8091610914132584,0.3663840132599514
0.7503388263743653,0.3693124900436525
0.7723699713276172,0.3653719893047983
0.7780626993570945,0.36979709859631393
0.7875917879216037,0.37769133325877025
0.7947755711980291,0.373793818865967
0.7689143413435832,0.36460877141975695
0.7754267539286505,0.3647808466419464
0.7620944168116944,0.3685366345742054
0.8190514358074426,0.3855126914061414
0.8216318608813776,0.36944871730980683
0.8366951475820044,0.3868489608856154
0.8055397129797471,0.37273950048699667
0.7908654048963273,0.366733452228887
0.7764883018924168,0.35038109179373017
0.786209045161297,0.3654906178043668
0.7532943598272857,0.3650292845400935
0.7433543361715573,0.36682784676998414
0.8072640104704797,0.38124111900745955
0.7863275846110674,0.37068596740072046
0.8192468796309985,0.3539525128574985
0.7740904510979882,0.3694831287356908
0.7907190120624918,0.35020644826465624
0.8046667181942584,0.38039129667742644
0.776917134213172,0.35499794687093134
0.7840988856326255,0.35055440381346054
0.7495786854646107,0.371392195821435
0.7619505994294662,0.35274106589508497
0.7386979378571114,0.35631096967707004
0.8054943619609461,0.38336792241419543
0.7798871206908772,0.37372460801592955
0.7882726310950717,0.3735833013200616
0.7643730062196427,0.3482575205261516
0.7827111968588369,0.3521950133800118
0.7675183414882616,0.3899207666494248
0.7487937041746313,0.3932092394116036
0.846545766385015,0.3627370454068001
0.7946372024883761,0.3601330846602678
0.7777031645622139,0.37034607342462283
0.7528513881325105,0.3837422827478606
0.758659261278021,0.3705058802074264
0.7434889298116906,0.38161524163791555
0.7651735775063845,0.37854370787151354
0.7623244745426272,0.3860669971125934
0.7078210626603033,0.35277899446047334
0.7455807396039208,0.34683845093514964
0.7982315761413795,0.3404069832490705
0.7861427889703032,0.3665661681125429
0.7683045778058565,0.35997477845981485
0.7145900599323876,0.3729955434597883
0.7785907320394791,0.36820064125906155
0.7506110065432126,0.36593863233768886
0.7985134179591944,0.3627773428447152
0.7438392898421672,0.36946244184204713
0.8120700932156505,0.3658082884553325
0.7557632150851159,0.35723049123683487
0.787926091679137,0.3728415171332073
0.8096309562153974,0.3444029044179512
0.7796648079101572,0.3461247900848266
0.7384880530798508,0.358572166168531
0.7915955920497609,0.3644233963972615
0.7609202108405504,0.3602649217708519
0.7546057203992824,0.37750603259038923
0.8152763747067132,0.3698435219347962
0.7852972456079054,0.3690463968606671
0.8059890826437811,0.3751895761155738
0.7597590371988778,0.371448742869751
0.7911406398963307,0.3623184880653653
0.8281809018177076,0.37440065266200734
0.7667413010668951,0.38251158253334905
0.8615580648065041,0.33623865626461524
0.7725874129070261,0.3800858318176165
0.7944452578655383,0.37599344977879373
0.7321449130483061,0.3761186406582659
0.7415029781612472,0.3546109315488212
0.8002634445522598,0.3634187497640433
0.7602927920290219,0.3679983175772441
0.8215970123281549,0.3854941033638429
0.7443796795226938,0.375656724029892
0.7535691602208666,0.3739216513013159
0.7309224701792656,0.3691054859678276
0.7863885314102076,0.3706248061658681
0.7976418853772298,0.3737354027658461
0.7455566465319609,0.37889522700768524
0.8143999013591803,0.40450274763272104
0.8156869312358326,0.35209173104418656
0.8058059451902032,0.3909683374878858
0.7529569829286104,0.3852404333255085
0.7686393963621195,0.3589733010099234
0.7816078960914719,0.358202531829131
0.7909868310955636,0.34685015208635356
0.7975076638227195,0.3854850560537687
0.7631121668143279,0.37285621672242975
0.7918104908859518,0.35415694855692376
0.7338802152537813,0.3749212557805704
0.718670156929048,0.3624490162970059
0.7825692482016015,0.36649570304997214
0.8018317113378723,0.3981578177358788
0.7625380192041837,0.35176200362260746
0.8443373684329057,0.38800155184994206
0.7807369101647917,0.35772753417543796
0.7651250206361866,0.37066057967668126
0.8008726337144237,0.3610852168349968
0.829565362752502,0.37623625254819637
0.7685358834957428,0.3682960276345159
0.7188943718682669,0.3744634955622742
0.7565940812132669,0.35879542498767575
0.7759679490701559,0.36198156765751255
0.7931200085366109,0.37674521661767374
0.7805492228650476,0.38688901746067206
0.8255313228627909,0.35262332089406667
0.8146226307764297,0.36344529152540167
0.7739114457053994,0.3535001788039086
0.8136820407686294,0.3564654410477033
0.7954869260305436,0.38136094495918843
0.8265106072615377,0.3495938633375572
0.8156749069819724,0.36064509668365036
0.7737804983245511,0.3885463440958262
0.8095779320228526,0.363892975351891
0.7460908062910709,0.35923205374290845
0.8057060042238746,0.3777706476441718
0.7449958940649201,0.37302064464428697
0.7922610440225055,0.3699573855591177
0.7882627951559733,0.36219432129801193
0.7430002337408359,0.3648467557828512
0.801512819904537,0.3524653402560709
0.7158637797034435,0.3716606773846085
0.754439781328729,0.36135893026142735
0.8109254476735714,0.3485066957269842
0.8190638959791707,0.36253867888037467
0.779745811318747,0.3512301314120553
0.7749611843563027,0.36367385114273
0.8325558135279632,0.35590816974837464
0.7700575113053717,0.37729319741600276
0.7677111116647763,0.3664894063670634
0.8304435491347746,0.3717812498980246
0.8038745389315217,0.3762443371782124
0.7300397077570472,0.3443062422103607
0.7861421869618977,0.36465992358739413
0.7858975189359779,0.3857454753265135
0.6813433406930505,0.374331662018591
0.8061058445629364,0.371197447150653
0.833349794441016,0.36824183025181384
0.7132302464363673,0.38302391132256264
0.7702660030546137,0.3611883592341542
0.771207597648459,0.37964336551802796
0.7423685807788312,0.3791171917564323
0.7607991274501879,0.3529236546889982
0.7892035615406856,0.35363583799849113
0.7866371155249455,0.36487581181836126
0.8167792388798635,0.3557583325582706
0.7944223313390729,0.35728228445656984
0.8144753626791773,0.35312624682054855
0.7592776680023242,0.36962303637664345
0.7770593414808825,0.36308729629299474
0.805684914161163,0.3863510080566384
0.7862408483827088,0.37290157437826915
0.7610369990336084,0.36587608452831577
0.7434687922107861,0.358090865277617
0.8063886835185545,0.3887179752492817
0.8022365570105742,0.35451032890693907
0.7690208462583894,0.37454620306601827
0.7845569552903812,0.37801192532774086
0.7805619367903384,0.3821613794255455
0.8062298883591726,0.3765027834100817
0.7592660763703671,0.36190084994260463
0.8438729680301963,0.36034889942454174
0.7635173195872451,0.36216342079350855
0.7845399196088959,0.3688673460952323
0.831428160137436,0.3406601446865035
0.7429450565053075,0.37202350471109624
0.7891071816724741,0.36916306285634476
0.8033697526266574,0.3660929747676302
0.7436877485417179,0.3693341216479927
0.7778959244257052,0.3643829122848764
0.7861921278910599,0.35627677496564714
0.7876471608314644,0.38376849882408837
0.6921382922771896,0.36676192280872866
0.7823129655474221,0.36774279159931206
0.8281336597567843,0.39204130503581686
0.7826212137547438,0.3721561960469139
0.7802163466666721,0.37875518653996093
0.7782375126749596,0.35899942502538157
0.773964711220205,0.3666129849364632
0.7548457301434848,0.34734011671303067
0.7660882695151633,0.3505776268819477
0.7911115386137038,0.3496507411684534
0.7653289203331435,0.3620962035776902
0.8027852088979861,0.3675695634443264
0.7645011872060663,0.38069020330853504
0.7809799014094336,0.35199138159111837
0.7712884028027013,0.37078731746775967
0.7440743259696065,0.35508276543582895
0.7922612585350503,0.36583378634365943
0.7518683495024328,0.3775206523202373
0.7490910197365108,0.3811707085730455
0.8078041781575493,0.3722215394687522
0.8107235080787774,0.3368105193235471
0.709589298972853,0.37368106506491905
0.8213650775723578,0.34206582159494386
0.7758084037852045,0.3681659281376402
0.8134520080365324,0.37170987756044105
0.825254974234259,0.3660612020297428
0.7591262885489647,0.38272415415555583
0.7514227681818367,0.3675943262065685
0.7953711337393518,0.35846606780333407
0.7458301581141762,0.3670041563033516
0.7330960889306962,0.3672476151918705
0.7533556700000094,0.3686903294847929
0.7449148061498277,0.37428499206679283
0.7618096600286268,0.37314807598162053
0.7941806146955935,0.37325141559345215
0.7573587688551233,0.3819309090792194
0.7981645236332214,0.37275210515753265
0.7689875986797918,0.353819508711492
0.7595621469453535,0.37859527888278405
0.7935264556596013,0.3814959702622989
0.787828576812997,0.4038718448215603
0.7878549147048355,0.35362203804403364
0.7537640508425862,0.3642100142225074
0.7141190606658002,0.3608910765232174
3.889485271608561,8.642154909354474