0.567189811101539,0.347409843831968
0.5582080488824088,0.3431774825483874
0.5717423384972248,0.33480382222990296
0.5817431250884152,0.33481832470253553
0.5698842555455389,0.34965806723077464
0.5910988004269275,0.34561981166594963
0.5567583731428642,0.345250498972422
0.5600417136887336,0.3473003900904491
0.5694623641564668,0.34633803351574916
0.5422228767678459,0.3339641440464259
0.5679022221118485,0.32764045897824456
0.5785297426211052,0.3348083586009736
0.5931750576459536,0.3556863034868118
0.571908977474064,0.3428364750195706
0.5461706549590155,0.3356111454105074
0.5607181227648194,0.3405109224738703
0.5926275970229787,0.3423221396451457
0.5392597188431774,0.3664094583138614
0.5792240852183542,0.34129663876925165
0.5622248883806132,0.3336839888777833
0.5505308178047658,0.3407155369530244
0.5691261515159046,0.3356211212465868
0.5674508306690734,0.33885824260706
0.5519870619368631,0.3348038222299395
0.5664223159805619,0.3336694766706698
0.5751190600774423,0.34262819101315256
0.5792132725585183,0.34927709904477694
0.560304004643057,0.33598077556825834
0.5511717529306206,0.34601695317245473
0.5677882997848906,0.33966102941728166
0.5486271240441757,0.35725193964475754
0.5507806785672831,0.35806922892688736
0.5473138359997674,0.34694302443723296
0.5586297211985928,0.33184119871975937
0.5776763242099043,0.3368726273646948
0.5753758200415797,0.3276549614508406
0.5981478430991488,0.3356111551450247
0.5868047628044047,0.3529706242389695
0.5599365461909703,0.3467396854549221
0.5630985604637027,0.3356111454105074
0.5718355180414333,0.3418353800396981
0.5815973097942116,0.34125484291766256
0.5598225641424601,0.32936079501326726
0.5660521074537979,0.3420849311253623
0.5646175174929116,0.3369211005037391
0.5743472371026851,0.33324085467457637
0.5521996836440619,0.35031735678958775
0.5830514535993034,0.3407010344804284
0.5701917866059717,0.3459074258906453
0.5562810995593859,0.3367454909697406
0.55160787362229,0.3518747616688495
0.5643644328913859,0.3534168004182583
0.5787076699738042,0.3418399083915592
0.5827382540590754,0.33719512989807865
0.5583252231499611,0.3656242138891138
0.5588536828790478,0.3374323401332065
0.5710817824190569,0.3517960818001896
0.5811494600534268,0.33717503554894457
0.5733203271752585,0.3405109224738703
0.5723712724469551,0.3613721995280885
0.5583329170630955,0.3323134541379543
0.5559901419364669,0.3431394289272755
0.5768684741772931,0.3456198406529041
0.5691410735974332,0.35102631990575833
0.5535717330338572,0.344109419456695
0.5657078156125855,0.33544181126943273
0.5650161324734914,0.337242226411304
0.5788647926787396,0.34886565604809716
0.568803794867963,0.3496725599695411
0.5522480815043974,0.33718060817304557
0.5597121946212853,0.3328811923337322
0.5661737845248392,0.3302736930780176
0.5856812299587981,0.3403705738089895
0.5683173260354796,0.34425928174846654
0.5571281196984601,0.3430761386148003
0.5686470497864514,0.33743231916542493
0.5734107980470845,0.3407155369530244
0.5524841099367745,0.34456533311647336
0.575549086082602,0.3646420854471961
0.5737701612775903,0.336392333353991
0.5741335114841887,0.35759373631461927
0.5947993756881766,0.3426526595872739
0.5519721398553344,0.33885824260706
0.5791800378325855,0.3458082613328083
0.5744995837270953,0.36681388946110194
0.5612968657182793,0.3407010264612555
0.5644443900256784,0.34129663705390717
0.5408593120217001,0.3496694211175308
0.560269257477461,0.35509513140643933
0.5408593120217001,0.3377238873132729
0.5837953660141418,0.334265088978666
0.5597353452112287,0.34017226733071676
0.5624066390652851,0.35366852114446723
0.5768991339630721,0.33610789230189614
0.5726372373406409,0.34129664678842453
0.5746043230563632,0.3464751738216284
0.5488985070967614,0.33076046241794615
0.587207118723609,0.3346705796929938
0.5824610559347573,0.3326439740794313
0.5724568388652012,0.3517652326399054
0.5852868575669274,0.3375281914493497
0.5500661781993067,0.333704996075474
0.5668175439106448,0.34310053662028217
0.5605233050118356,0.33324086440909373
0.5744995837270953,0.3414553396942258
0.5523814343287337,0.33855369404058827
0.5623714220956926,0.33970812592981914
0.581830344019647,0.337432338417862
0.5632326715373642,0.3396755318891899
0.5695257478532456,0.33232342997334574
0.5720396041955015,0.33184118726989753
0.57592555552764,0.3412821443158285
0.5589816095888522,0.3265061134189748
0.577653466101785,0.3600703611919898
0.5503712173700172,0.3407010344804284
0.5641419896583241,0.33804501322083785
0.5873156720545326,0.3350533830501211
0.5672495110355689,0.3465965456697462
0.561889838322979,0.334455181732787
0.5592466477069091,0.3372277336732254
0.5650999209263572,0.3398982379363772
0.5962012476731056,0.3303862878700249
0.5879580464484944,0.34183537030518074
0.5439037286048631,0.34228815924418
0.5677745402862898,0.3484888244423565
0.567773377703362,0.336745502419639
0.5680219091590847,0.3331307531539137
0.5612968657182793,0.3344407082471454
0.5540543361173819,0.34754246081459417
0.5662328448633065,0.3377238873132729
0.547356811673778,0.3418254042036187
0.5833599082439045,0.3596798953908822
0.5817603150653816,0.33313074513474084
0.5836139557782792,0.34646067134903236
0.5534613635126824,0.33314070952092173
0.5766725382378723,0.3488115291764467
0.5757120326821419,0.3426620033524317
0.5632905692929038,0.33530509404246406
0.5527606226433068,0.34425928174846654
0.5608887338278079,0.33967552215467256
0.5616330783588416,0.3347938658628949
0.571446631590802,0.33368397914326586
0.554225306710886,0.3510163538041964
0.5695409733905836,0.34560533818027145
0.5686353199239649,0.3350678757881998
0.5651010835092851,0.3306923489725491
0.5740104493133642,0.34506205882348295
0.566460388652034,0.3442592720139492
0.589555563851172,0.33016357208832015
0.5708394454922469,0.3456198406529041
0.5753244906785931,0.3298895621630153
0.565692893531057,0.3426426934857486
0.554002253433575,0.35268943261473973
0.5671239123881497,0.3323379227113879
0.5636931243709659,0.33311625068131767
0.5543160775648909,0.33425058650607
0.5687445639245585,0.3352905915699046
0.575362060542979,0.3393450022125077
0.5470952210487745,0.3348038222299395
0.5567625400599828,0.33412196064335176
0.5629774614200617,0.34184986325985706
0.5583770553200342,0.3401623012291548
0.5408593120217001,0.35215278635156416
0.5718940553925353,0.3449358023089934
0.5691030009259612,0.3371951298987665
0.5408593120217001,0.3352906013044219
0.5790600508031709,0.33674549096977713
0.5527319410631774,0.3486201400409301
0.5629774614200617,0.34182978644781553
0.5522008462269897,0.34761579548557187
0.5489575674352287,0.33817518991786943
0.5817419625054875,0.33691686895642364
0.5803393352953314,0.33182669453181884
0.6062365469594164,0.34639974508040794
0.5712191387115553,0.3404453788206736
0.5618711894271274,0.3293462925407078
0.5671748890200103,0.337306226307603
0.5864408800778871,0.3401722673307168
0.5637500474284293,0.3311890844140761
0.5677334386794098,0.3382351252273958
0.5754692970459027,0.33366948640518723
0.5408742341032288,0.3439832401412756
0.5774135710019728,0.33233793244594184
0.5551934764623031,0.34628136718281544
0.5691399110145053,0.34261807078475326
0.5635969377704086,0.337227723938708
0.5729303693069104,0.34795223366831163
0.563693124370966,0.33273485543224507
0.5658674160473343,0.35315042275441166
0.5747128184826148,0.3390217279721973
0.5562673400607852,0.3477241833937986
0.5714471768948409,0.353605537513654
0.5670402798912454,0.33038628958536936
0.5818035045788069,0.35372273920673974
0.5959534165467029,0.32822643971951676
0.5646748778717209,0.3352906013044219
0.5777028788650324,0.33345366189591363
0.5753952952689116,0.33852929447167357
0.5714795852892932,0.33070685144514517
0.5752707550936936,0.35253756490096966
0.5780410483101696,0.34481704410885283
0.5619321705978482,0.34966488474649654
0.553572895616785,0.33368397914326586
0.5779538293789381,0.3375482875138283
0.5644685272166993,0.3331307531539137
0.55160787362229,0.32936079501330384
0.567809287451886,0.36497114748120246
0.568635319923965,0.33350038159700407
0.5582229709639374,0.3409138434312971
0.5435686785472288,0.34123543434993936
0.5589237118333128,0.344239185683988
0.5484431054640663,0.3311890746795587
0.5810996096794492,0.34564790870341927
0.5623844888153621,0.34561983091835013
0.5631580495218057,0.33232342997334574
0.5502650404079048,0.3497122854475843
0.5540692581989107,0.34990564966272114
0.5664497261739022,0.3485740974188567
0.5718051392830954,0.3401623029444993
0.5788503915003458,0.3347938658628949
0.5589617845047851,0.3459074258906453
0.5516405911517717,0.3372422264112675
0.568387337975057,0.33759040027920006
0.5816219754760726,0.33425056725363295
0.560998679926966,0.33479385612837753
0.5840685887936697,0.3570467565133216
0.5575516624435175,0.3253594232765761
0.5575633923060038,0.3389708013490505
0.580721733255569,0.35067688123923313
0.5616585677199285,0.34506206053882743
0.5597341826283008,0.33425058650607
0.5500374966191773,0.3475569632871902
0.5553488395564926,0.3342650987131834
0.5656940561139848,0.33772389704779027
0.5481828441458572,0.34016229149463745
0.5519733024382623,0.3445798355890694
0.5489575674352287,0.33724223614582144
0.5677882997848908,0.35003969719434025
0.5895923867926132,0.3407155272185071
0.5619035978215797,0.34421307136045765
0.5610334270925619,0.34209943531330284
0.6147064260289656,0.3396755318891899
0.5802525895403748,0.3445798355890694
0.5500071178608394,0.33991275014349065
0.5563020872263812,0.34761579548557187
0.5661749471077671,0.33286668986113616
0.554681506380863,0.3352905915699046
0.577915016437158,0.3395438082537855
0.5668857735363811,0.3448025416369446
0.562998449087057,0.33286668986113616
0.5517278100830032,0.33481832470253553
0.5753179222860403,0.3360591027466725
0.5600566357702622,0.3417921933086076
0.565958670927918,0.33743234815234285
0.5910316792070672,0.34368102669196404
0.5675403178359826,0.3299040453831743
0.5583621332385056,0.3361078905865517
0.576357666678781,0.3431394386617929
0.561690976114381,0.3397291428620273
0.5687410025883546,0.3366122484328313
0.5637287270747742,0.3282119469814381
0.5576034946135906,0.3407010247459111
0.5586696642989384,0.3361078808520343
0.5679266999787618,0.33972263813693254
0.5616902456476484,0.3420849311253623
0.5903521737032797,0.3369211005037391
0.5652802975227379,0.343498026654473
0.5543602158218295,0.335632162342679
0.5676000177700125,0.33792221326058036
0.5578867583233753,0.34529475108766955
0.5697496464167741,0.3435986151782057
0.5772150158380907,0.3372221400820307
0.5821294362586534,0.3328877067933441
0.5519721398553344,0.34116339451696137
0.5509177514841842,0.3318411970044149
0.5500082804437673,0.3301635818228375
0.5715626734128392,0.3529344646043194
0.5691316825060906,0.3414382759214209
0.5498034249913752,0.3361078905865517
0.5717992875092506,0.3418353800396981
0.5764855933885855,0.3456578748049813
0.5815090534606132,0.33480382222990296
0.5676043493866774,0.33778549603361163
0.5772150158380907,0.34182541393813604
0.5516067110393622,0.33232795660986253
0.5655764584244154,0.3555911527553314
0.5744519356098229,0.33560660904016115
0.573017588238142,0.3461397283153017
0.5683294402195175,0.34012602109994383
0.5644813001142225,0.3683786082677493
0.5654378712986061,0.3385882925783507
0.5619047604045077,0.3382234872682149
0.5670831026457992,0.34342249528553004
0.5745765824772241,0.3485596046800902
0.5589827721717803,0.33989823793706503
0.5551344161238356,0.3423221396451457
0.5793383817920792,0.3303862878700249
0.5596972725397564,0.3369211005037391
0.5517392308104602,0.33609337837943826
0.5683663503080617,0.341857372391733
0.5640062322438079,0.33887274507965603
0.5704784807941221,0.3421576084274194
0.5586024212742795,0.35146915682936636
0.5799718450423117,0.339345011947025
0.5562734056462517,0.37380413010641406
0.5567405776949114,0.33444070022797256
0.5435675159643009,0.33773838978586895
0.588178042429733,0.33466205068644106
0.5625858530787381,0.34233664211774173
0.5711177178095251,0.3323279663443799
0.563275647211375,0.3407010344804284
0.571923638110964,0.33970812592981914
0.5797766953610314,0.33425058650607
0.5401006733967851,0.3431394289272755
0.5621525915309105,0.34560533818030803
0.564038148430851,0.33718061769096525
0.556008088206925,0.3348038222299395
0.5664234785634898,0.3401477890220414
0.5764276956330461,0.33444069851262803
0.5502787999065055,0.33970812592981914
0.5685588261475344,0.3412821345813111
0.5665338480846647,0.3323134541372665
0.5814626757321438,0.32858610206036104
0.553476285594211,0.3401449437708607
0.5693250921775429,0.345076561296079
0.5555402563824239,0.3323379324459418
0.5443566383478358,0.33741784567978333
0.5645263774610513,0.34233664211774173
0.6126075099425906,0.3363778406159488
0.5604647676607337,0.33715240904459676
0.5447369892453366,0.337242226411304
0.557375950824863,0.35236214815199124
0.5650086154770718,0.3407010344804284
0.5887338750503758,0.3401577551236034
0.5438750470247337,0.3274236529099829
0.55160787362229,0.33506788552271716
0.5653137052164839,0.3311890844140761
0.5524841099367745,0.3412821345813111
0.5728862310499718,0.3418254042036187
0.568235685898823,0.3470631910885855
0.5732322736665679,0.32972044761963076
0.5536121959281842,0.33734445195854523
0.5883905964843268,0.33266143979494955
0.5480724746246823,0.3550875648577325
0.5624089069607228,0.3352905915699046
0.5748650125430675,0.3385182011035701
0.602581142623111,0.3450153585921113
0.5691030009259612,0.34279989010056167
0.5987886886387913,0.3369343346719418
0.5748500904615389,0.3438766434195063
0.5529153465949661,0.3293462828068782
0.5574782030108868,0.35319069469278325
0.5650658665396928,0.34506206855796373
0.5986035934791825,0.3393450022125077
0.5899870702753467,0.3688518154029188
0.5603715881165251,0.34365983563727587
0.5516067110393622,0.33885824432240447
0.5616319157759136,0.34647516408711115
0.5927813280687485,0.3312035868866356
0.5653137052164839,0.337785505768129
0.5715927824051942,0.33885824260706
0.5619047604045077,0.3323134541372665
0.5517243087289315,0.3531761922201872
0.5653733976001254,0.3474857847471066
0.5748007859881882,0.336915516646374
0.5597049664528908,0.34017226733071676
0.5599329433941833,0.34456533311647336
0.5544336752544602,0.33016357208832015
0.5592688457612214,0.33719512989807865
0.5473568116737781,0.3298895621630153
0.5629405513315174,0.3411390062459968
0.5808581859339026,0.34184985352533964
0.5809553350793746,0.3431394386617929
0.5616181562773128,0.3325544664514719
0.5677465514850919,0.3523307468503274
0.5551934764623031,0.33718061769096525
0.5718261269500906,0.340510912739353
0.5571136297331268,0.3412821345813111
0.583149050222955,0.330575026534174
0.5507806785672831,0.3293462925407078
0.578260197856443,0.3301353634419517
0.5499065327156112,0.3463425796213005
0.5642046831488723,0.33692111023825644
0.5763530736174873,0.33232795660986253
0.5980443865840036,0.3253739257491721
0.5498034249913752,0.3321901874364
0.5651148430078858,0.3323134541372665
0.5678425221778185,0.36054963091799846
0.5620255957374952,0.3352906013044219
0.5470510827918358,0.337417835945266
0.5516520118792287,0.355591143020814
0.5496720678032051,0.3420431272552882
0.5446044694742386,0.3271437235366811
0.5731832542583573,0.33773838978586895
0.5719089774740639,0.3328841653111716
0.5819994405182278,0.34457982585455205
0.5899015631676089,0.3227261989113203
0.5534751230112831,0.3350678757881998
0.5760501356183482,0.34639975481492535
0.5528191599944088,0.33439222708892813
0.5583770553200342,0.32740915043738683
0.5772000937565618,0.3307749551560614
0.5718940553925353,0.326871764213023
0.5900855230760882,0.331112007624635
0.574595068229088,0.35004032852122363
0.5505190879422794,0.3426426934857486
0.584387516484723,0.34184988251229415
0.5761201645726133,0.3546053318888016
0.5612405962626149,0.3405109224738703
0.5471101431303032,0.33412196064335176
0.5885212533431772,0.3586235798365423
0.5643126007213128,0.3418399066762147
0.5937014584967164,0.3277833249853446
0.5788008495180126,0.33331455715959035
0.5683294402195175,0.3401023561851109
0.5680219091590847,0.3426094569932411
0.5576095601990569,0.3274236529099829
0.5600214188006698,0.35203290377263663
0.5712550484600791,0.3369356046916796
0.5640723126855389,0.3487642174445875
0.5749008772426446,0.3347938675782394
0.562963701921461,0.34655111283281564
0.5595683673003208,0.3556463557463264
0.5745287999025054,0.34561983091907456
0.6079878200260391,0.35100185133160033
0.5613784522166093,0.34550954857334715
0.5484737078764489,0.3549784004599087
0.5628670918988868,0.33525796854228423
0.5602902451444561,0.35372274894125705
0.5643644328913856,0.33970812592981914
0.5588083339690773,0.3323379227114245
0.5357463647827632,0.3425581190080945
0.5697152491079136,0.340510912739353
0.554054336117382,0.3645878574958691
0.5763679956990162,0.3365991540682902
0.5571060065108836,0.3356211115120694
0.5549696512419197,0.3407010344804284
0.5765737790312929,0.3380945106445408
0.557478203010887,0.3265206158915709
0.5472989139182386,0.34722819274651767
0.5543083836517567,0.35104000667120133
0.55861618077288,0.3326294716075231
0.5764127735515175,0.35130763088104333
0.5417063321607745,0.3332553571471724
0.569884255545539,0.34854357357143545
0.5632464310359653,0.3380305107482418
0.5880111062584946,0.34995731743716396
0.5733052521742728,0.3330409357872064
0.5707175161860126,0.3513794677869907
0.5709385078715759,0.3330880420349126
0.569943955479569,0.3348083586009736
0.5787525197427381,0.35869234630655134
0.569213370447136,0.36922432346461614
0.5640062322438082,0.3501901136139249
0.5824610559347573,0.3380450132215257
0.5707622864881254,0.3554885430101194
0.548184006728785,0.33932626819259615
0.5508982762568525,0.34526499171050057
0.548145934057313,0.33525797827683806
0.566750584194256,0.3367455007042945
0.5557423108100642,0.3380450229553552
0.543567515964301,0.3361078905865517
0.5792969050554223,0.3395583187462423
0.5560510638809357,0.34184988422763857
0.5644804445760103,0.3450765710305963
0.554345293740301,0.35863810156157544
0.5675552399175113,0.34037910729741644
0.5725637779080102,0.3423221396451457
0.5583621332385056,0.33753377530671497
0.5737322973141283,0.33560660903947337
0.5542873959847613,0.3393549683140695
0.5730026661566133,0.3477249184535274
0.5661523716665824,0.32844325552229575
0.578045601455973,0.35021355726014525
0.5754776865660141,0.34506206855796373
0.5678324380418293,0.3536232635670109
0.5631729716033343,0.3375337560542779
0.5719620372840639,0.3369356029763351
0.5710967045005856,0.3326439838139486
0.5693388516761435,0.3274091601719042
0.5664223159805619,0.33822062275479975
0.5567046423044434,0.3332609201164279
0.5586089896668323,0.343120694907364
0.5707974369266836,0.33719512989807865
0.5683812723895905,0.35796777360099924
0.5630511104789964,0.3506074064038514
0.5952821614835596,0.34149545111504565
0.5646129643471086,0.3293462942560522
0.5681183078709199,0.33184118726989753
0.5734853535537123,0.34560533818030803
0.5487013826198501,0.3396514498623681
0.5553960067488395,0.33012898328576296
0.573876188931938,0.3423221396451457
0.5789837055151942,0.3515041268884076
0.5765887011128215,0.3401623029444993
0.5794463324258976,0.3450765710305963
0.5702944622140125,0.3392995791100945
0.5599248163284839,0.34747701682879356
0.5799911482231359,0.344253688156584
0.5892327933854264,0.3515892268240897
0.5680230717420126,0.34129664678842453
0.5872192329076467,0.34626041401356905
0.5600424064676651,0.3282119372469207
0.5726825381805076,0.3443232719102482
0.5635545372451567,0.3301490696157241
0.5767368099444073,0.3356276162371642
0.5617836107921649,0.36653902902373614
0.5824897375148868,0.342680737373031
0.5570165875943572,0.33562111151203283
0.5876170357778832,0.3350533830501211
0.5672924867095798,0.3293607852787864
0.5746022593351359,0.33530510377701794
0.5728999905485725,0.3420849311253623
0.5592103159605077,0.34227542967925656
0.6013201922471262,0.33855369404058827
0.553586655115386,0.35881765575400804
0.551365448305512,0.34069544088923365
0.5873991285791016,0.33753378504123227
0.5435675159643009,0.3377413530287911
0.5906906685364561,0.34022175501990226
0.5812849401502516,0.3362380575490659
0.5664013283135667,0.3328479558412246
0.5654443620753342,0.33753377530671497
0.56790589747446,0.337227723938708
0.5700900388778157,0.33718061769096525
0.5926693007217873,0.3396610196820765
0.5567368632020708,0.33906147072587783
0.5966467999931023,0.348538224144101
0.5784591385180814,0.3375482682613912
0.5880894036366646,0.3537372514138531
0.549292617492863,0.3401623012291548
0.5567625400599826,0.337785505768129
0.550913198338381,0.3577550027436394
0.5659271159813644,0.34262819101315256
0.5799911482231359,0.33718061769096525
0.5559079768302795,0.3331407095209583
0.5482304837568674,0.34772421409540966
0.5905327587554496,0.3426427032209538
0.570467822147362,0.3555911527553314
0.5582092114653366,0.3318266847979893
0.5745129031229005,0.3324976564303814
0.558697033988375,0.3407155272185071
0.5465844135502622,0.34754247054911147
0.5589965316703811,0.34474778102088927
0.5739507493793342,0.34938501071935324
0.5600566357702624,0.3355265709328534
0.5861598558906712,0.35074560177410175
0.5532807754109383,0.34578707199208886
0.5531190347179515,0.3405109224745582
0.5844477771082428,0.3488656445989232
0.5637290341194898,0.3448170458241973
0.5683581217996468,0.33231346387178384
0.5553822472502387,0.3496823407274976
0.560476137819489,0.33718061769096525
0.5734107980470845,0.3382351252273958
0.5683866075083243,0.3318411970044149
0.5649055733260125,0.34560533818030803
0.5709641847294876,0.34120061496633564
0.5559752198549381,0.32988954291057826
0.5591349575061962,0.338718459540177
0.5745205713940905,0.3352863600225891
0.5615733784248116,0.3466965162609242
0.5557788655616526,0.34481705384333367
0.5900495876856202,0.3352434950566791
0.5786829447837274,0.33849314403213926
0.5728052313602409,0.35939762614647713
0.5605812027673752,0.3362963112664194
0.5743009863477948,0.33305373741522903
0.5631580495218056,0.3595096163362442
0.5489194947637567,0.3282264494540341
0.5718123674514898,0.3363923430885448
0.5597341826283008,0.34506206855800026
0.5505190879422794,0.3348083586009736
0.5721705680990676,0.3426381668492318
0.567809287451886,0.33016357208832015
0.5501226859142944,0.33692111023825644
0.5489194947637567,0.33559664293791136
0.5659121938998356,0.344565323381956
0.5653286272980126,0.35045405287869086
0.5888188260861695,0.36128919817854627
0.5589816095888525,0.33718062742617044
0.5555147670213366,0.35204739651071537
0.5594128462470439,0.33118908612942055
0.5769664843823679,0.3420849213908449
0.5570546602658295,0.3401577551236034
0.5545048002827223,0.3361078808520343
0.5465832509673344,0.33014907935024146
0.5594432250053818,0.3660239949958654
0.5951170330951293,0.33803052048275917
0.5508784511727851,0.335382601522534
0.5677815123194496,0.3407237411592566
0.590594084155826,0.34232214937966304
0.5512001806165099,0.3450530137372844
0.5516276987063575,0.3282264494540341
0.5590777961894098,0.3534030942437981
0.5662627411877573,0.3290010293325439
0.56603519739903,0.34480255137077415
0.561859459564641,0.3369356029763351
0.5661737845248392,0.3363778406159488
0.5496834379619605,0.34016229149463745
0.5772829442805352,0.3512568494227421
0.5969353941441023,0.3326439838139486
0.5814009518348761,0.34232214937966304
0.551434252244312,0.3507322221445284
0.5683812723895904,0.33073605482989527
0.5653137052164839,0.34983896611423576
0.5880708061925245,0.33883814654254485
0.5616699884473858,0.33559664293791136
0.5489564048523009,0.3323379227114245
0.549292617492863,0.345250498972422
0.5480873967062111,0.33860927078839925
0.5669485078142107,0.33138740062686617
0.5636931243709659,0.3331407095209583
0.5717411759142967,0.337785505768129
0.5546677468822623,0.34014779875655876
0.569774309446381,0.3331307434193963
0.567043955253857,0.3318411970044149
0.5621525915309106,0.3439260414065942
0.5753316817846411,0.3298895331760609
0.5782888794365725,0.3407010247459111
0.5616699884473858,0.3356111454105074
0.5574931250924157,0.336581078469284
0.5708441977000728,0.3467645258024763
0.5517728472122163,0.3441985591533443
0.5669485078142107,0.34377704076036275
0.5581208299511774,0.34743975987875986
0.5726825381805077,0.3318477034448541
0.5697301711894421,0.3292275427418406
0.585202282855921,0.34376254630693953
0.579315795247102,0.3396610196820765
0.5683663503080617,0.33432455250393095
0.5841748163244839,0.345882126580159
0.5515929515407614,0.33935497804858694
0.5724108561348416,0.3441985591533443
0.5516645149025745,0.331841188985242
0.5842034979046132,0.34641090346438785
0.5634942621623679,0.3614072502800032
0.5502799624894334,0.35315726397790725
0.5875652755242429,0.33559664465325584
0.5613117877998082,0.3350678757881998
0.5616877838953387,0.37127938353665507
0.5787296579808197,0.33724221689338435
0.566257327827744,0.33560661877399073
0.5718940553925353,0.35833096802109443
0.5589617845047851,0.34371583634101405
0.5734119606300125,0.35072551544414055
0.5658180142580722,0.3367309884971811
0.5620935311924431,0.3307068417106278
0.5443566383478358,0.35647389322794565
0.5765296407743542,0.3580715530317493
0.5789314762394501,0.343124928170024
0.5659693611886424,0.33069233923803176
0.5586173433558081,0.33232795660986253
0.5446486077311774,0.34445808607508777
0.5779675888775391,0.3371806194063098
0.5702055461045726,0.32845774826037444
0.5800452176966067,0.34614023762769924
0.5683735784764562,0.3347938675782394
0.5658674160473343,0.34774224511577184
0.5498045875743032,0.34463518622888206
0.5775594569870677,0.34794412745955694
0.561395814511997,0.3418353817550425
0.5771312273852248,0.3517254710423599
0.590416131161183,0.3423221493803509
0.5659271159813644,0.3505621785048608
0.5496720678032051,0.34677245527207484
0.5640062322438079,0.3463123641784697
0.5616909761143809,0.34058000612849787
0.5759267181105678,0.35015165408646165
0.5453439757940177,0.3303862878700249
0.5776976445635595,0.33822062275479975
0.5631729716033346,0.3301490696157241
0.5478501328593666,0.33718061769096525
0.563824481559136,0.33778549603361163
0.5619887871166968,0.3350533830501211
0.5851704224602859,0.35010858426443203
0.5854383669828707,0.3445798163373202
0.56251700858646,0.35070135152804777
0.5607949795071135,0.34456533311716125
0.5570177501772853,0.345076561296079
0.5751082144987439,0.3426456664631881
0.5684278265113282,0.3235289759863368
0.5604785271593344,0.34143826618690354
0.5602902451444564,0.35703226377524294
0.5469925454407338,0.34066663300510935
0.5679495980122053,0.33771335749959347
0.599605369459269,0.34911163928810973
0.570709644590684,0.35124461141583807
0.5563020872263811,0.33722773367391323
0.5442831789152052,0.33637783088143147
0.5664466291534332,0.3388727353451387
0.5582092114653368,0.34803468000052423
0.5519870619368631,0.34561983091835013
0.5669622673128116,0.34396135234821745
0.5825901452274896,0.3371951201642492
0.5644780552361649,0.3475569730217075
0.5764646057215904,0.34506206855800026
0.5741354407857979,0.34561983091838666
0.5671760516029382,0.3377383995203863
0.5781378479590478,0.35719770463429895
0.6092299792756655,0.3707979084143813
0.5543464563232288,0.365205864680981
0.5668026925200069,0.3418353513750888
0.562866544698331,0.3407317042382215
0.5577702726480318,0.3623872190352242
0.5664603886520341,0.3544713096686213
0.5617730961716217,0.3375482875145162
0.5733567632730842,0.34456533311647336
0.5637564443128303,0.34143826618690354
0.5764146156908069,0.3331307531539137
0.5455105499517804,0.36360306626453637
0.5825691575604943,0.3536685131246065
0.568387337975057,0.3551096338797233
0.5499065327156112,0.33300364615479305
0.582409295681117,0.34367122832515273
0.5913466315533304,0.3426282007476699
0.574491889813961,0.35560564549341006
0.5610453208411724,0.3400316527485496
0.5653274647150847,0.33778549603361163
0.5702944622140125,0.33311625068131767
0.5726383999235689,0.33286668986113616
0.5664968128155594,0.3506074256562885
0.5676149398515412,0.3326504885390434
0.553572895616785,0.3328277878196254
0.542795117840785,0.33312620704836227
0.5478246434982794,0.3348293657986645
0.5769439089411832,0.32468291111732267
0.6194630905621916,0.3484968538710289
0.5501681233406148,0.3333419656302928
0.5489332542623574,0.33493854503252246
0.5877781972136205,0.344808649679244
0.5793640564126953,0.34387663197033236
0.5730840091286822,0.3401722593115439
0.5555136044384087,0.35415185545724837
0.614288798074662,0.3352718592653376
0.5427939552578572,0.35029632352157186
0.5568359994926133,0.34418386192658673
0.5586161807728802,0.3392764330089848
0.5677168849928493,0.3293462828061904
0.566507505275679,0.33184118726989753
0.5543464563232287,0.34264270322026597
0.5809695643819716,0.3412821443158285
0.5505190879422794,0.337548277779311
0.558421825622147,0.3465285561740448
0.5611300371151361,0.35373378812717843
0.5532807754109383,0.3323379324459418
0.5839220619874707,0.3567552139377479
0.5492639359127337,0.3467396740050603
0.5538214270725078,0.33331917383381787
0.5764899936149317,0.3367454814518574
0.5682709028684155,0.33753378504123227
0.5679857294281915,0.3398982379363772
0.5681047521326699,0.33718061769096525
0.5666995141048801,0.3423221396451457
0.5596762848727613,0.33012086096935567
0.5873156720545325,0.337242226411304
0.5675265583373819,0.32843328942073374
0.5841185468688195,0.34713390426035207
0.5819773503722515,0.33621932352915435
0.5514471106046135,0.32990278659670075
0.5624203985638859,0.34754247054911147
0.5602841795589899,0.3562264370535189
0.5605812027673752,0.3360308941003041
0.5638244815591361,0.35213247719396035
0.5597049664528908,0.3369765371824206
0.5975198046136108,0.33922171625920405
0.5745205713940905,0.3331902069446612
0.5788008495180127,0.33479385612837753
0.5408593120217001,0.34458278909747425
0.5516288612892852,0.34393049173875945
0.5869638734825795,0.3326439740794313
0.5775435602074628,0.3431394386617929
0.5696567117568114,0.3407155369530244
0.5659259533984363,0.34475406849721246
0.5754414466883694,0.337417835945266
0.5648028977179719,0.3428166214275742
0.571081782419057,0.33610786159959727
0.5789089309356783,0.3381090228516542
0.556267340060785,0.3423366518522591
0.5756982731835413,0.3396917089089043
0.5575897351149898,0.3366222242689107
0.5648470359749106,0.3318411970044149
0.5480943687393707,0.3382351349619132
0.5528340820759374,0.35059746928924396
0.5436409753969316,0.3624867730213192
0.571896394163679,0.33366948640518723
0.5662925447973366,0.3507601042466978
0.5599256718666962,0.3323279663443799
0.5528203225773366,0.3407155369530244
0.566460388652034,0.35593062360563793
0.5528532573210907,0.3328986677837311
0.5789373021963464,0.33525799752927515
0.5849928289961583,0.37583805224158967
0.5618594595646411,0.3499979030580591
0.5524033284434221,0.3445653233819194
0.561690976114381,0.34016229149463745
0.5750095970039605,0.34368102669196404
0.5601726474548869,0.33536808953201824
0.5435524999904451,0.36403409917435575
0.5684488454950792,0.33479385612837753
0.5656791340324562,0.33093815025148554
0.5489134291782901,0.33014907935024146
0.5543083836517567,0.33311624094680026
0.565445524658262,0.34855959494557276
0.5783330176935113,0.3401577551242912
0.5978659465952834,0.3327120875248648
0.5597049664528908,0.34152652796879035
0.5730690870471535,0.3377383995203863
0.557588572532062,0.34415873367078087
0.5908092359740058,0.3502432421557676
0.5602902451444564,0.3385737708526297
0.5442831789152052,0.3410809731173402
0.5558379478760143,0.3531672413120456
0.5648458733919827,0.34956699452029183
0.5592103159605077,0.3418353817550425
0.5632315089544363,0.33609337837943826
0.577297866362064,0.3344552009852241
0.5795337024458833,0.3475569730217075
0.5827005147486645,0.33601807321984445
0.5737183291075175,0.340510912739353
0.5744374944532199,0.34754246081459417
0.5950646940686721,0.3382189411626635
0.5657593144215972,0.35841099660979475
0.5737773894459848,0.33780651296578335
0.56508009584229,0.3466064412026319
0.5450601701000143,0.35088569558838584
0.5699577149781696,0.335611145410471
0.5663250391696428,0.3323379324459418
0.5648470359749107,0.3523476456793952
0.5723830404985017,0.33312620704836227
0.560269257477461,0.3385737803705494
0.5816461263775147,0.32907379241568935
0.5807847265012721,0.35363033491024826
0.5634929328555732,0.33724223614582144
0.5611162776165353,0.3517776572385113
0.5670219672468414,0.33232341072090865
0.593652236942945,0.34888456332328344
0.5517243087289315,0.3481176986249795
0.5808675770252454,0.3475569730217075
0.5435096182087614,0.35191611841719544
0.5562430268879136,0.3323134541379543
0.5483770978538747,0.3352905915699046
0.5734257201286134,0.33479385612837753
0.5766484904938824,0.337432338417862
0.5870145699428797,0.3352906013044219
0.5702055461045725,0.3346765434245197
0.5779526667960102,0.3328812020682495
0.590491578567053,0.3445798355890694
0.5689858266584086,0.3301635818228375
0.5561707300382109,0.32956763498000347
0.5638721211701464,0.3369356029763351
0.597021709154544,0.33286669959565346
0.5638678893493421,0.3398982379363772
0.5791209774941181,0.3454885413756929
0.5839793845942514,0.33885823287254263
0.5880892327609762,0.3562119345809229
0.5549013562564563,0.357608229052698
0.5552585822059578,0.34183991641069555
0.569278688858695,0.3326439838139486
0.5663548427792222,0.3705864039454276
0.5970135206465839,0.34015775512356683
0.5516288612892852,0.33312620704836227
0.584680287949,0.337548277779311
0.5753095685970644,0.33559665267242866
0.5719631998669917,0.3248306463923472
0.5808576435895423,0.3408993506932184
0.5711350614306644,0.3293607852787864
0.5906009518222282,0.35160655348633424
0.5482038318128525,0.33803052048275917
0.5597329261530457,0.3344552009852241
0.5736535164636694,0.3388097597334983
0.5701906240230439,0.35739085271229754
0.5532272918848803,0.3353050848469261
0.568635319923965,0.35934132746641273
0.5642540633702108,0.33286245831382066
0.5505190879422794,0.3298895621630153
0.5505863309669383,0.3375692849770017
0.5595166844380125,0.34152652796879035
0.5861579980439257,0.3482176703034981
0.5879580464484944,0.3365991540682902
0.5517392308104602,0.3328508140461311
0.5791590501655902,0.3418498727777768
0.5648028977179718,0.33506788552271716
0.5689270195413236,0.3426456664631881
0.561889838322979,0.3331407095209583
0.5705220445402899,0.34179744681672386
0.5616772166157804,0.3467209399851488
0.5896952548882789,0.34406264692101246
0.590387266607502,0.34432328164476556
0.5551344161238356,0.3307068417106278
0.5721705680990676,0.33724223614582144
0.5838784726724602,0.35059746928924396
0.558923711833313,0.33609338811395567
0.5619047604045079,0.3506383547327161
0.5751190600774422,0.3482916282821862
0.5780272888115688,0.34071550796607
0.5548952906709899,0.3326975947867862
0.577200093756562,0.34417415958442976
0.5455105499517804,0.34071553866836896
0.5932378551811259,0.34264270322026597
0.5775456974884668,0.339369480521183
0.58628100154312,0.3460433196803938
0.5731981763398859,0.33040077109018384
0.5694748117643751,0.35669643282173785
0.5751409541921306,0.337242226411304
0.5799094602820906,0.3407155369530244
0.5694474420749381,0.344201611797217
0.576995430791795,0.33368397914322934
0.5721705680990676,0.34319826112565716
0.5808962586053751,0.3442130633405969
0.5454746402032564,0.35510206733101635
0.5589827721717803,0.3318411970044149
0.5638256441420638,0.3475569730217075
0.547357974256706,0.3323279663443799
0.5755795129110439,0.33286669959565346
0.5763679956990162,0.34010107905615233
0.5761064050740126,0.3609666935873211
0.584511028965046,0.355108910052571
0.5954045113809547,0.3430906508226015
0.5508504623715871,0.3569073191045604
0.5999278074157889,0.33822060350232613
0.5694791478439971,0.3497122854475843
0.5612968657182793,0.3562439697037513
0.5667529976309382,0.34480255137077415
0.5381786270763009,0.34598527681721986
0.5673162215403084,0.3352579877947578
0.560070395268863,0.3412821443158285
0.574505649312562,0.33184118726989753
0.576043453199388,0.33609338811395567
0.5736735512550162,0.329904054901094
0.5596762848727613,0.33991275014349065
0.5550747161898059,0.3431394386617929
0.5685892049058724,0.35932379481614396
0.5655752958414876,0.3456185626139933
0.5578879209063032,0.33182669453181884
0.5446623672297781,0.3339880622171309
0.571974235781676,0.33664323146660147
0.5609024933264085,0.326871764213023
0.5497455272358358,0.3485580760440315
0.5844410000107811,0.35317178570294033
0.5670208046639136,0.32821194869678255
0.5603306565870719,0.3388727353451387
0.5675265583373819,0.3445798355890694
0.5626341828540126,0.35104000667120133
0.5468454331177967,0.33609337838012615
0.5782437687859253,0.3377709935610156
0.5691996109485353,0.3423221396451457
0.5676137772686133,0.3371951201635613
0.5569544983204822,0.3375482875138283
0.5651379935978295,0.3326439838139486
0.5710376441621183,0.3551096338790354
0.5716464399866458,0.339345011947025
0.5492639359127337,0.3346765434245197
0.5794681826936423,0.34068938678673
0.5825829170590952,0.34513536450750615
0.5637521847094332,0.33809805212671334
0.5517254713118595,0.33036188830111024
0.5702676306319695,0.3377383995203863
0.553534822945313,0.34938501071935324
0.5555147670213367,0.3374323481523794
0.5755795129110439,0.3253739257491721
0.566460388652034,0.33207758290987544
0.5645401445100403,0.3362445883444857
0.5827259026420059,0.3331307434193963
0.5676286993501419,0.341860097386057
0.5726383999235689,0.3575679668488437
0.5541427176315414,0.34731264314512206
0.5511120605469793,0.3338822970714005
0.577364287252604,0.3371710576057744
0.5815090534606134,0.35098730683157614
0.5492776954113344,0.33966102941728166
0.5634942621623679,0.33944768489064703
0.5630113415324712,0.33561409913551
0.5796173657181879,0.34203871271749264
0.5757120326821419,0.34262820074835776
0.560070395268863,0.3369356029763351
0.5469913828578059,0.34689581534517
0.5463216603423308,0.33014907935024146
0.559725954119886,0.34799494478727594
0.559195393878979,0.3331162314288806
0.5508845167582518,0.3514941607868456
0.5534727336714377,0.3407010361957729
0.5663347900046148,0.33368397914326586
0.5678685924393718,0.3336839888777833
0.5602979390575905,0.35971956991424625
0.5559228989118082,0.34184988466899857
0.5713010827878356,0.3401623012291548
0.5688955812421741,0.3518602574815973
0.5602979390575905,0.3377222074364806
0.5604498455792051,0.36952973002766903
0.5830386807017801,0.3392764140794458
0.5665051665045353,0.33425058650607
0.5569465586400922,0.337548277779311
0.5736735512550162,0.3467541862121737
0.5675403178359826,0.3282264494540341
0.5508994388397804,0.33887274507965603
0.5759910752798808,0.34480255137077415
0.5497455272358358,0.3518427837462179
0.560070395268863,0.34675417647834417
5.496976340775501,8.832033215817527