1.0857206304120939,0.7474326116506435
1.095194896824193,0.6932609464431112
1.1168723838727768,0.6992454453296841
1.139155861572445,0.7045191985659516
1.1128771574786087,0.721106613303917
1.12436353759427,0.7109614438557847
1.0732366069502215,0.7352506139424186
1.09790346497623,0.6992243278394407
1.1177374797783903,0.712111837085452
1.1326113127080846,0.7114441541373933
1.1214797639404475,0.7119446541768591
1.0811446202854686,0.7075185976935348
1.1160887015639944,0.7068886971031413
1.1199350486670974,0.7113601858390497
1.0918157043696246,0.715169218898311
1.1160557055120761,0.7154102244856162
1.0761955519099815,0.7087905175605397
1.1089085713710274,0.7017016592394854
1.0975998639618658,0.7041152190590576
1.0890771993073647,0.7255586216889747
1.1160386145912824,0.7228945611162687
1.0857427117230105,0.701543400898085
1.1020965606254864,0.7037112884142174
1.0926948274188635,0.7289186243730202
1.1138200008097037,0.7120537515049058
1.1155749489626436,0.7038421367358992
1.070888363686411,0.6991008118925051
1.1055553136115004,0.7090481613199267
1.1008324046519453,0.7109240282090725
1.1037125551149687,0.7100878016667647
1.1123888477801687,0.7234546905846457
1.1148262438331717,0.6959027787885366
1.076159447697239,0.6930387800318272
1.105629373508435,0.7027210329963874
1.141156310842836,0.7041463981015442
1.1008760244184443,0.7040034096000616
1.0826217208148556,0.7039932997624474
1.0895540875714738,0.7026396641326071
1.091307020190645,0.6961479543773617
1.1380907689809454,0.6929574611022178
1.1176939256154819,0.7180190741845158
1.0907836142362226,0.7095099549073611
1.124117936176675,0.7133631811518512
1.094220471247965,0.7038381518889705
1.0978043473193049,0.69298308278455
1.1111063881492746,0.7099164890601771
1.1244587883858603,0.6993357790801122
1.126912856200131,0.7217839678440187
1.1133977263474384,0.7107118049109384
1.0985220764359869,0.6994264669182844
1.1062309736025546,0.712915705548175
1.0853905198428033,0.7029372050037043
1.1116562377608568,0.7222380163154283
1.1469230931445622,0.7069149028667324
1.1233369159963884,0.7117637588542471
1.1246509269504192,0.7117649737248717
1.1170412885922893,0.719754882243609
1.0969356397366596,0.7111521673005283
1.123505211049227,0.7087857905083315
1.1371110749928777,0.718066322651945
1.1045932332055703,0.7069842240802413
1.0985877783954956,0.7092821284932886
1.1356376274717734,0.6875770498030994
1.0848449680656296,0.716095450663891
1.12081601896214,0.6872101293723958
1.120189886209033,0.7125233431130966
1.0733195657761136,0.7119676437301556
1.125940093828887,0.7027200326476304
1.0929283013976294,0.6982646080966571
1.1213953154758918,0.7120696517946448
1.1146390372571984,0.7110833192692826
1.1115141106429858,0.6998031452173211
1.1205265803654405,0.7267963979622993
1.1084624007535098,0.7032985377756168
1.0956167914104418,0.7046479611315746
1.1137636890951454,0.7067196432322975
1.0940742592495543,0.7045354101015271
1.1054017426595764,0.6955556749575472
1.100880095653839,0.7030545315574064
1.0863395669659484,0.7016759159209311
1.1092445776976907,0.7040638079159481
1.0923017952254608,0.725155593185262
1.1000821152249196,0.7309436007359448
1.0998421251858947,0.7205168134343958
1.129589899025193,0.7040633337956956
1.1327876112185573,0.7118566162593079
1.1027092613482843,0.7229768721520982
1.0935188500558382,0.7122999158585046
1.0818799171779685,0.735056193206028
1.102824764954758,0.6993471099252031
1.0921286878431873,0.7140692053778904
1.09908094293808,0.7146788175555814
1.1468153569118942,0.7007210671621089
1.0979526909641228,0.6987414316995216
1.1226514736158024,0.7118493685536738
1.1292903388312538,0.7077925730508648
1.1170575176979696,0.6993351951228413
1.1075125370922119,0.7120308602441373
1.1307144559985445,0.6928115501370212
1.0679709726089315,0.6981425149013285
1.0987711950822467,0.7164350477797606
1.0987759571063291,0.723528622746862
1.1254522966082061,0.6874274326709191
1.1392018957667371,0.6955249303488489
1.1309751441855593,0.6873488796760501
1.0859515782992308,0.7127349671146224
1.1161762039408045,0.7029853474711003
1.10560739300373,0.7090625333802775
1.0993959234310766,0.7120321317389209
1.1399016677970846,0.6955159195464196
1.0564543165169848,0.7063371317142717
1.0852941847541506,0.7033330736294057
1.1280020866379903,0.6958412260912699
1.095312328795228,0.712081454713468
1.1204422339692706,0.7005295071821396
1.0807770393727134,0.7113009168763669
1.0994388749624986,0.6896785262101723
1.1101617705958966,0.6956499396994829
1.1174982377501796,0.722383782660568
1.0869414462085603,0.7119450004837888
1.0896634219771615,0.7227713498502318
1.1246696049434053,0.6982796557524854
1.0819247073502136,0.7113633753572711
1.1311213393458417,0.7237678567913419
1.0984289061747559,0.6931980900090984
1.0886357684780577,0.7126439433335809
1.1031604251828866,0.7037543188592894
1.0765441696554805,0.7118701749844143
1.119790622232934,0.7016111914422545
1.1076811209805275,0.7116579467510881
1.1249073160754925,0.7138396383972326
1.129835915210319,0.7185166386721746
1.0901399186149383,0.712016174250981
1.095441258161332,0.7433961642979555
1.081639587381847,0.712099708275383
1.1091572708910973,0.719237929453532
1.08158963877734,0.7092014796999649
1.1402358151598524,0.7152905749856
1.1072208952908402,0.7204885416685152
1.131240285824763,0.6860055139837408
1.1173778238350878,0.7051139699959447
1.1280978969550668,0.6934645211928658
1.117504383802387,0.7017669397019726
1.1131943919765301,0.7029948323937824
1.1119480504237502,0.7307762912748478
1.1019065768360266,0.6936782327855306
1.1162445683206133,0.6956039574639706
1.1293740333620366,0.7120882675932739
1.1303137933927694,0.7220109821961609
1.065250133242044,0.7115716189353964
1.1421856322012047,0.7213719461517041
1.0936310983867208,0.7254054342430529
1.1040882976136999,0.6956171218804474
1.1061674380440905,0.7126767837407337
1.0977691242190937,0.7113589323198742
1.1303021571966558,0.6995014693633475
1.1040682035367007,0.7042497076327594
1.1187879295229972,0.7024678467012602
1.1257670259058434,0.7154797666780561
1.0683117448316042,0.6994351478427542
1.1369376960039248,0.7021322332229933
1.1099365955870495,0.7226324241709687
1.1188658267783418,0.7061778561576448
1.0946966198574082,0.7121303388437975
1.1485244944965862,0.6934165746293113
1.1048825074580881,0.7098176886919263
1.0907497794577115,0.7133397839680482
1.076433121332536,0.7108648125863726
1.0989231166412194,0.7035171581542694
1.1083453057498363,0.7336000841563766
1.1310353579382564,0.6871680821467805
1.1349033925182028,0.7093841107410626
1.1251772465191168,0.703326240984179
1.1188287557455407,0.7040027846851294
1.1535743325220138,0.7098259234696038
1.0858012594044597,0.7092026638569728
1.1330265570949043,0.6933532658560357
1.153760147311537,0.7032404362652862
1.117479452262521,0.7089535698579352
1.1001137846307936,0.720224856480542
1.1046279874319662,0.6933628146506012
1.1050438106351577,0.7301251513219544
1.121603543700531,0.7116078056539392
1.0949660119859903,0.6994909269535892
1.0859697199341347,0.7116000662196881
1.107408971150961,0.7214311488713006
1.1097846343767632,0.7090690869247178
1.1025908414317809,0.7213163107222293
1.0999258252370427,0.711862522181731
1.140089336065787,0.6936046534023639
1.1267555194092773,0.7031522761001361
1.0846960879292673,0.705564555399127
1.1205199151290972,0.7305805129776136
1.1169234380216406,0.7050676328073839
1.139696258612304,0.7121437451818842
1.1157954733556876,0.6960786322258632
1.0873144604108893,0.6929692378393875
1.081548336585239,0.7039585894530628
1.1193382840021684,0.7094914447890932
1.110828512838295,0.6892231583325741
1.1196690531450746,0.7212281126943478
1.1009961301662634,0.7071067978515813
1.077081576948177,0.723461408074211
1.0983014212349747,0.6958655906572924
1.1120947324468384,0.6930921456919525
1.1141184365841763,0.7122850428558416
1.1001574977086017,0.7184165596862734
1.1368203234998364,0.7133965337273178
1.0759616256380122,0.6992663709344753
1.1309834328867583,0.7189803608454957
1.1102162132897362,0.7023447188077536
1.1126078535882296,0.7168114241532877
1.1299170303676307,0.7101386184306941
1.0953538853547788,0.6931916242916127
1.0790087960839412,0.6990224789385773
1.0822856026977017,0.7237842543611646
1.1012572262005274,0.6871892037676044
1.1121447635016253,0.7210245201427563
1.1159507722398405,0.7086667914375382
1.1285496889059392,0.7048963449203315
1.12319589324679,0.6990698092675944
1.074485657253494,0.7018617843052857
1.0904611672788789,0.6931640060806225
1.0931658835854166,0.6934530624068909
1.1034729936000904,0.6956874596777028
1.0811376727235633,0.6933786674974267
1.11301031093551,0.6920002361867708
1.0905904417528525,0.7163793662139227
1.1037912409821917,0.7094352268323855
1.101984195120868,0.7020626910305536
1.0929068136002285,0.7033330736294057
1.1266292080803655,0.6873005971696267
1.1043110184253162,0.7115138601524099
1.0843180013912677,0.7032054967571596
1.104326363208136,0.721392651715554
1.0956227458416297,0.7050676328073836
1.1401217444868972,0.7046725169459899
1.1379453372533685,0.6952746757569539
1.0781354169915829,0.6979991255442444
1.1039205154561653,0.7037598189350427
1.115322221700816,0.6953748774282776
1.1313702199881774,0.732996838921014
1.113694837550861,0.6960515420309997
1.09574668852215,0.7050382303246294
1.1198403529424774,0.6992656927030659
1.1073772907035975,0.6916284855431687
1.1258921079297484,0.7136494291892397
1.0970085540216172,0.7157800330986592
1.122485066676934,0.7150887378112556
1.1129089732740818,0.7106958830137353
1.116980098037262,0.715549132551744
1.0753212482057877,0.7127349671146224
1.0640241310874494,0.7040574278732725
1.1148799694039824,0.7114147278596792
1.108326392436767,0.6931382586314874
1.110712339328313,0.6950429478154846
1.1122509987093017,0.723930260090001
1.1111926846369886,0.7193062693601391
1.1339271045851664,0.7116698283072754
1.140874126660067,0.7037399209334045
1.1154218777172271,0.7131773637043941
1.098771195082247,0.7124307057489772
1.0876611388169284,0.7228292806537817
1.0935549958281217,0.7123915303365427
1.082609290442329,0.7097507987769419
1.0937278789465497,0.7134589467462537
1.0948171341892319,0.7122546042972486
1.0757655031727582,0.6983910862629636
1.105341939465612,0.6994359518409664
1.0890340114099482,0.7127651576011541
1.1191789824570482,0.6993998211967987
1.1340887823151262,0.7143162832076612
1.0958361553689484,0.7030762496159195
1.1171159336715588,0.6929041814362311
1.09688003383048,0.6927770979205368
1.1171354962966433,0.7053187456879517
1.0803276731088045,0.7132434555113126
1.1065276152608619,0.6961691000230941
1.075178355472981,0.7164236307967106
1.1416319361887848,0.719962923828657
1.1013891689543205,0.7326682730019952
1.0903094686300132,0.7299136638762261
1.141426371927808,0.7062675075460829
1.11235186366826,0.7119287379573358
1.1127946483599742,0.6948595320196804
1.110712339328313,0.7154225617048804
1.1112971452713438,0.6957545976070889
1.1143557814145673,0.7013435280054783
1.0761744525540977,0.7118986814765975
1.10144478989513,0.7068477905539723
1.1106205436997516,0.7311968655564816
1.093990537581895,0.702104418130893
1.0822433276946222,0.722615953962353
1.0953682954019168,0.6935343993281744
1.0682784204839948,0.7219644278698689
1.1134192141448396,0.7041466181424857
1.1230173785063229,0.732225778685768
1.1203438162732215,0.6991549775324533
1.1309519637422656,0.7075948149052542
1.1098914813277836,0.6989007237626224
1.0961219052766602,0.7089092150002392
1.0894733920921076,0.7208900315690547
1.1165144452537037,0.7032890528529347
1.1198821409831587,0.6983845327185235
1.1153343887412408,0.673631262629635
1.0969268533571876,0.7076124941607131
1.1137070507571933,0.6990117164878775
1.0762131802618666,0.6973347489700681
1.104762663285802,0.6933094489904761
1.0708737472710697,0.7087425984711929
1.0974669844322709,0.711898461435656
1.1187561553759684,0.705093887865559
1.1247770193862243,0.6931182594862116
1.121476251946525,0.6992452252887429
1.1156421842111743,0.7128893648652022
1.1241242831929656,0.7339499024777463
1.1312713237543426,0.7037479041326808
1.1556284025317298,0.6933655985770157
1.1326460827365288,0.7126514028044507
1.1307782297053763,0.6873580045187633
1.098566704025691,0.7064165051363234
1.1091572708910973,0.6891190802863455
1.092891388733249,0.7312287073772507
1.128155144707027,0.6975522534115448
1.1227223705891984,0.7109577376415926
1.1064262297537562,0.7126726093106128
1.104946620516082,0.7177637401751586
1.093304310158932,0.7147284779494596
1.1144372237867255,0.687140725245148
1.1309660163247517,0.7100400751441516
1.1156447110843128,0.7180845297196359
1.0948040336571678,0.7127408730370455
1.0981967570149977,0.7234171510992294
1.1142065978490974,0.7020417654257625
1.061469751753023,0.7042479672461455
1.118421444815504,0.6872353167071394
1.1135430553193715,0.7110066964172143
1.089903871603774,0.6995919371605783
1.124886520687454,0.6956153981460798
1.0750625794273494,0.693378887538368
1.08845054516899,0.7119191307870549
1.0904559355005958,0.7125911336572661
1.1137541389629668,0.7139992719705837
1.0961828848068986,0.713420505095834
1.1010744302664013,0.71145006591777
1.124843807502561,0.7030434092087665
1.0974397689271715,0.7143086830887302
1.1121528396000442,0.7145996641744712
1.123483230544522,0.704801998737546
1.1087364189467455,0.7069222743025072
1.138221189202472,0.7252202788561736
1.1040828269512455,0.7248746244714144
1.1079897194770534,0.7256027015721804
1.1027322986558903,0.6874927131334063
1.1375561164889443,0.7127349671146224
1.0844633062998206,0.7133884851158636
1.1075222082944987,0.7098891321585447
1.075985549413008,0.6987915236928648
1.070700146993049,0.6959257879660776
1.0998271477525532,0.7003510098574258
1.1122529674344253,0.7113976489244334
1.1229625164734833,0.7135692877720532
1.146084410514864,0.7127925324082608
1.107544950081244,0.6954969571848097
1.127239633958397,0.7111570834190106
1.1164615210856978,0.7016000970670753
1.1050871939109772,0.7115331360536239
1.1191451261794907,0.7015961717598864
1.0710030217450432,0.6900491215069914
1.1160986751572195,0.711379138152518
1.1156248622948066,0.6936986024065115
1.1101714436593024,0.7205581782980208
1.1246007721962257,0.7073201735013774
1.1198062669004276,0.7123149355408727
1.115626582975934,0.7100878016667647
1.1148703486267155,0.7016905648643061
1.1033904815901676,0.7107783612398882
1.1150827735104778,0.709714668132774
1.0930570544395253,0.7065597713078191
1.1234097477760177,0.7113562800424189
1.1033428380135857,0.7063435117569475
1.1323897871370412,0.712942842408866
1.1030358599236523,0.7124642981559735
1.1284380477049871,0.7145123366216041
1.119959215214617,0.693117112985755
1.0817968325937644,0.7099057266094776
1.120958771567481,0.7050402036159524
1.0707705588092389,0.693534287444636
1.1182295575960126,0.7039022759814062
1.1007234727099076,0.7170785976816989
1.0977511074619812,0.7206464395561754
1.1465248653270472,0.7206926668717224
1.1692516095923007,0.6889848300441993
1.1320944596927704,0.6913156164808424
1.112366938111528,0.7032011397993496
1.121394938599747,0.6874369175936011
1.0848449680656296,0.6956893211629913
1.095632295973808,0.7118011670264326
1.122623891283086,0.699234102940103
1.0889263313717172,0.7192747712778466
1.1156662231570773,0.7170597270820847
1.0979961138053835,0.7115142064593396
1.0833018295706984,0.7021432157146343
1.1142243259129225,0.700418885879386
1.1228999901395373,0.7046031130084375
1.1425636871642315,0.7305879705951901
1.1004611398214474,0.7213041556075348
1.1425636871642315,0.6905859697977963
1.138720035470767,0.7202832475332235
1.092272821531334,0.7131507089172766
1.0923845789976423,0.701662861655744
1.0900516350009133,0.7019463648386386
1.1190261450398922,0.7224652732045467
1.144275835318244,0.7116854259003194
1.1247391105553912,0.70103306320913
1.10781062815567,0.7258232905291769
1.1242614454375006,0.7235014755221104
1.1035432069942501,0.6954183990630207
1.1398556064095897,0.712486260860293
1.1238405183424045,0.6953542141101129
1.1307489306558398,0.7124328992185571
1.1008419617833274,0.7034811688167146
1.145158058074978,0.6872657272346127
1.0835427761084604,0.7048389134340949
1.1458162839191375,0.7151425397289023
1.1226952357245386,0.6958329305610169
1.1024786070163424,0.7117431634416869
1.0769847173243545,0.7015203057264054
1.1113305363642985,0.7020841707575112
1.1126709892407751,0.6958171121348358
1.101125404640237,0.6931317050870472
1.1530946229909098,0.7136752256420149
1.1046484711856088,0.7092497622063884
1.102367058228853,0.6992446453498613
1.068656313897721,0.6958635611294314
1.109590723416689,0.7096498220178753
1.0901141326118344,0.6871244957178979
1.1155765452745445,0.7107898019219974
1.0953586223385108,0.7313085675175561
1.1089815998306822,0.7069263435488415
1.0873135962382134,0.7350184427136268
1.127989813580906,0.712273346617917
1.0825997403101508,0.7107678228485191
1.094717386047034,0.7154687841864149
1.1032984056261497,0.7029253097754482
1.1572242916998392,0.6937954888275347
1.1182670844326017,0.6874043137338637
1.1214998676028551,0.7002970631258872
1.075278442263421,0.702093435639252
1.07889519433334,0.712817178917618
1.125882628633634,0.7240660620974233
1.118278943538822,0.7027439881290394
1.1314309487763663,0.7163949477764229
1.13717242114495,0.7236041990812099
1.1028179795733357,0.7203224049374013
1.1264982350518333,0.72388862892136
1.1153532596303959,0.7009020887507091
1.0846343732456745,0.7205238657848352
1.1406861248811122,0.7264102852139811
1.1056223978605886,0.7124587450125999
1.0840881129397955,0.7018146662245854
1.1298177613496594,0.7122196112153654
1.1020694089765821,0.7100157105781291
1.0952090205322302,0.7129474526993826
1.1138342847947478,0.7099171672915865
1.0892490589230115,0.7232557776816249
1.1302514949028957,0.7037867589146236
1.1225085106078394,0.7229319372272406
1.1370154643882278,0.7221287936468734
1.1068771754992457,0.7041596724076729
1.1421712328565132,0.7005617332297664
1.1148459813127007,0.693534287444636
1.1004030991261968,0.7231582256651783
1.0990421242186632,0.7062868196799873
1.0624861831860581,0.712985027699673
1.097683907175523,0.7119560948589683
1.10822546157755,0.7092092191342161
1.111857663101436,0.7038419242046962
1.111631741792031,0.7097410938133184
1.0766205455256606,0.6931059906371151
1.0950057273095712,0.696157659340985
1.0872180961794216,0.7227709544336816
1.108357035052996,0.7246671670957892
1.0705795248804266,0.7267700487626527
1.111269955527027,0.7019141448242459
1.0871110637856856,0.6953814309727178
1.1274034705722777,0.7017238276883615
1.0954090838300385,0.7235270430081253
1.107565183889301,0.7044095975489122
1.1581320216060855,0.7073875481007638
1.08152350456244,0.7360683602548401
1.116543684807653,0.7092129203820738
1.1398990158547817,0.7146304087831693
1.1077812066105797,0.7105865812189777
1.1373887955393998,0.7438199607719145
1.1187514104243321,0.7122350640380217
1.113265746839817,0.6959745706861087
1.1335564281643105,0.7033582609641496
1.0973258271849644,0.7254617061666009
1.1010595427935004,0.7120115733060361
1.0788581128765604,0.7100395191603412
1.1149991491582443,0.713449304589119
1.1177983445664037,0.735599754032379
1.1203027089323616,0.7241032502286675
1.127502869313491,0.7114865032507774
1.1233050282910813,0.7120092404781522
1.1219434573037017,0.723897817330075
1.1279088304272151,0.7044192411758501
1.0746460995874783,0.7017011072740644
1.1318156825227816,0.7017230236901493
1.0982453740077052,0.7048404072875851
1.1101402827984954,0.7048868599976494
1.1030935225788843,0.6932399067980364
1.0988075768082965,0.6873005971696264
1.1028692317833046,0.7032195106604953
1.1435459650324782,0.7225865028834226
1.102980913993687,0.733651501228544
1.1077940687275036,0.6935438842508564
1.1136025427307579,0.6985994077290851
1.1218362862656601,0.7013884730655495
1.1332306012362734,0.7284075527615937
1.0847038788576606,0.7194437878104587
1.0832623407483648,0.708856409454505
1.110721255866021,0.7107411771270332
1.1327444509638265,0.7018929991785134
1.100685751771672,0.7088841244190973
1.109152947173996,0.701456263609719
1.091707542552796,0.7153107458859558
1.0999255041274385,0.6933865241818069
1.1345101269667817,0.7225750622013135
1.112305178656689,0.6958120049562257
1.06811741655734,0.7141218457419236
1.1047349820307848,0.6937219176191325
1.0987270810012162,0.7108952231138458
1.1399090689987297,0.7102218516350878
1.084398479653346,0.7119268588054122
1.1227278494859825,0.7024516818852117
1.0796441600372129,0.7067065283948891
1.1319444572902482,0.6953907941469863
1.101213667941596,0.7191851603354695
1.1222070091306604,0.7017867129551014
1.1450673385549655,0.7111110224778445
1.1163633611632064,0.7036460079517304
1.098823998984294,0.701986206355869
1.139329682087185,0.7015093232347642
1.0967250792536027,0.7042893321097707
1.1045724121920935,0.7196062688436712
1.0674070881135824,0.7099441020168105
1.1115275419985966,0.7100400751441516
1.1016910755734568,0.6874065070661282
1.1385370386333198,0.7350609022416926
1.1414339842208527,0.7073226934306674
1.1042770722923858,0.6951978796664097
1.099953050577612,0.6931978699681571
1.0849097985506215,0.7202410860077919
1.105802313008988,0.6872125336354492
1.125535916737259,0.7119238548380564
1.0954121602020452,0.7227556096696612
1.1107788238127845,0.6963288914754093
1.1145456242342489,0.7018707951077152
1.095647447933998,0.7259311568155167
1.113522957282295,0.7125006822890054
1.114943844980282,0.6800901012732206
1.114867469110102,0.7226309826050846
1.0820309222110616,0.6937086433130039
1.0885232158635658,0.7100180394333835
1.0843930007565616,0.6890101496528065
1.1152285015034513,0.6933072556582116
1.132289382677714,0.7116691342918751
1.1028150848921487,0.7238747221583954
1.118004945645788,0.6933425034053362
1.0945028238844015,0.7128414142832584
1.0992083522113527,0.7097682538338408
1.116809211373051,0.7223975329389898
1.1304245981616623,0.705030811390605
1.1305835519691236,0.7189953375296876
1.1218558113535597,0.711413907432497
1.0900089048548893,0.7196668443260577
1.1160642833112804,0.6898136792188585
1.1215046100021202,0.7138214065978462
1.1347336061976159,0.712398797652545
1.1256851482505206,0.7151864204663456
1.0907050541468555,0.6970268679251039
1.1420037076500784,0.7013187656778979
1.093498123540477,0.7359430218722892
1.1272448314118442,0.7173496896182041
1.0954714838637472,0.6927332171830934
1.1318944880291972,0.712234410856792
1.1216091977516984,0.7116854259003194
1.128012780171086,0.702333498166586
1.1157831393047168,0.6880653611226795
1.115658689991214,0.7095318690594109
1.091942659239359,0.6872056442256439
1.1041149762831792,0.6982537860557515
1.1266037957771955,0.687251359192651
1.1200841149285294,0.718207488900438
1.116914177890511,0.713325573967833
1.0977867393741854,0.7352067332049753
1.1335903386920168,0.7114924935277467
1.0902370712485967,0.6991668923348149
1.1244995420413098,0.7222888856122931
1.1014239289496561,0.7032646882869125
1.0968737049924724,0.7229634658140115
1.1309912224377283,0.7096925632924933
1.1137636890951452,0.7333979470439704
1.1167628029893915,0.6978281612911067
1.097378350725863,0.6988914764127775
1.1014741629032083,0.7067079087408132
1.1213228228454837,0.7155162981778251
1.1161825528972364,0.7089576935226958
1.085564791197812,0.7330977517310799
1.126343053675238,0.7164482066653006
1.10945951997946,0.7293964428055679
1.110030231520106,0.7023065066253112
1.1124601523949562,0.7154897097912061
1.132755060585696,0.711956094858968
1.1456978756515446,0.6992376393424121
1.1204954738265944,0.7043260672953642
1.1328319940195697,0.7160058043867537
1.1350723009150219,0.7300766156742089
1.1202854095274961,0.6951430060533701
1.1175383689205822,0.6933628146506012
1.1213418330374783,0.7021971777426113
1.144592783702968,0.7228571718420718
1.1007570613586894,0.7093115615634379
1.1259619023183596,0.7176405051437457
1.1010684586623132,0.6873951926500073
1.0956368625504633,0.6875770498030994
1.1364592028264486,0.7035113593032464
1.1092162340829341,0.693117112985755
1.0904871033606063,0.6932611664840524
1.0872784791293741,0.6874274326709191
1.0891332358362775,0.721233116401936
1.1264363437669604,0.6871446288689673
1.1323918345726638,0.7418515018028654
1.1272300768270151,0.7039764226131803
1.104186915564118,0.6929572410612765
1.0651619496370721,0.7092402772837063
1.130548096262424,0.6891447629138794
1.15129889415217,0.6960019275877412
1.0897576001658147,0.7127444520373044
1.0869699815769198,0.7132929138715574
1.1298087109239885,0.7066789870578309
1.1148340506466814,0.693657111276898
1.0962145484891819,0.6958214898789078
1.0872880292615528,0.687336744832747
1.078776249686761,0.7167178275568044
1.1183412298272188,0.7050190327319551
1.1021530584151567,0.7183358411429049
1.1447054151282363,0.7116848295324678
1.107016000105398,0.7056550231963579
1.09756055232599,0.7114975197975189
1.0947603605179705,0.7144289479357354
1.0844752439650431,0.73113657553295
1.1470029862434072,0.7033373353593584
1.102824764954758,0.7109240282090725
1.102054263662334,0.7250349404961649
1.1168588316308385,0.7019236297469279
1.0929635375238587,0.713655664210515
1.1359944213618287,0.7324898855256505
1.0960627213166731,0.7017973502294456
1.106296712518064,0.7039752077425557
1.1168182617987221,0.7091107691693777
1.0625875722754652,0.7139932518016223
1.0929157224698378,0.7114108025524906
1.118690221993261,0.6951197488614271
1.1083233252451312,0.6936106622823026
1.1102573200965122,0.6933532658560357
1.109228338298788,0.7124209381279607
1.0900982466424447,0.7118447014569462
1.102067457559762,0.7118870267867811
1.1029843564392785,0.710996991453591
1.1231569524927631,0.7461559526554746
1.0929009388654276,0.6934177894999358
1.1045465077601382,0.695233335785409
1.1386346091749158,0.721633083954129
1.1359416281571162,0.7234201386008267
1.0850722783908793,0.6960250465247966
1.1042854514486555,0.6960027315084495
1.1108637242374224,0.6955622325203767
1.1137711790846896,0.7019720253556458
1.1242843415649775,0.6870545191778699
1.0707640758686965,0.7092291829085269
1.1023824380527585,0.7387039041646608
1.1200118821382208,0.7115973623661419
1.0992501926079115,0.6862276803950248
1.1064476744869076,0.7021299280071907
1.1144777609623802,0.7236901118723658
1.1217266644908799,0.693647626354216
1.123049158816987,0.7115926662886009
1.1284617215452029,0.6933187138722167
1.132645706455086,0.7277715442897749
1.114989499325203,0.7160501052627057
1.0981891147505674,0.6904943625377398
1.112222924555332,0.7204098629935749
1.1255305888274696,0.6997938803355803
1.0685538647108006,0.6931382586314874
1.0819247073502134,0.6993892787870404
1.1102337047202522,0.6933419234664546
1.1372040717042744,0.7002815944467375
1.138051468511517,0.7195063161237583
1.0922844577274478,0.7097694061855027
1.1143536003868963,0.7229800796946366
1.101761903111608,0.7039557797067235
1.0789227524576623,0.6928452230564546
1.118587996806215,0.6933772781633745
1.1123019150637532,0.6933634290101274
1.1093359584247293,0.7021419381866166
1.1013847253088924,0.7322856323390847
1.1079166103153493,0.7153550253136628
1.0915105300893264,0.715680932986123
1.1276898435996752,0.7133512969846194
1.1050812734956328,0.7268325000601263
1.1198052019992935,0.6929621571797588
1.1277137877262289,0.7209173492250398
1.073367480839188,0.7186604985054521
1.0862994234700085,0.7368248652033014
1.056318209326377,0.7190967408498556
1.139211086031975,0.7178427526918458
1.1210474548789604,0.7228432018488335
1.0841081920671287,0.698791743733806
1.0953024335551798,0.7115789196359661
1.100255361376183,0.696373170596031
1.09723245217952,0.7039014590601345
1.1250557589884453,0.7092386678312089
1.0878689048563555,0.711150309833629
1.0926928120628077,0.7383948079283753
1.119142882578926,0.7410175387076768
1.095150706927623,0.6891077378967642
1.1224092748652228,0.7091917747363414
1.1338932423981987,0.6872030487127672
1.1232144825043247,0.6876254545571221
1.1495001130281186,0.7096023155362037
1.0899852310146736,0.7185751418065764
1.1300391932006846,0.6947373443002876
1.1087193749262634,0.7119446541768591
1.1165696428589695,0.7234015228021975
1.120354714372987,0.7124221128651662
1.122929814351208,0.7091131077011885
1.0994553765704196,0.6932198016204274
1.1482030875182099,0.7031452193955787
1.121241533804703,0.7028763071358526
1.0762942967263838,0.702233545446673
1.1284237368608134,0.724394419759679
1.096462870311184,0.712409780144186
1.0976639770198597,0.7022857716439729
1.0872752890065112,0.7021048763213609
1.1303440338989468,0.7129591489373073
1.0683231937163846,0.71132174418863
1.1261991627859231,0.6931105594413148
1.1017511850780044,0.7257697063787689
1.1201042099675964,0.7204122763667804
1.120788786100522,0.7034906537393967
1.1211768522841612,0.6980813086004012
1.1145461597790973,0.713325573967833
1.1101617635966932,0.71141885665136
1.115300424432416,0.7051752247868426
1.1111787047304191,0.7064316091925253
1.1362651595408484,0.7162010803503864
1.1042745678406067,0.7113539882279315
1.108953755922433,0.7034809487757732
1.1268825265821822,0.7031452193955787
1.0965013494637492,0.7019937029602803
1.1320127470139942,0.7065295008193735
1.1310676019055972,0.7089323101719189
1.1129450504201632,0.7230886016091805
1.130008890646678,0.7227344640239288
1.1361667575137815,0.717541971204499
1.1010969194694191,0.7017851614532176
1.0864387913922775,0.7226650558782919
1.1275189094217053,0.7248437073933904
1.1059172414968579,0.7038242789703475
1.1437717482072423,0.7119099819194332
1.0789575733103733,0.7106797849309681
1.087108806183072,0.6933519883280183
1.1261956169692533,0.7223288624611437
1.1274315966924766,0.6995118525583803
1.095619301773849,0.7034121007445274
1.1270582290707936,0.7133991141708954
1.0733195657761136,0.720981693025428
1.097851527500952,0.6957868416463902
1.1245361320895226,0.7121361961611632
1.1064976230914143,0.7111827978689428
1.0759711757701906,0.711666398297584
1.1034770727793504,0.7130154382271464
1.1320259485459854,0.7234914346156178
1.1437078878969136,0.711413907432497
1.1184964026867943,0.7207454765480374
1.1132017877921991,0.6871244957178979
1.0895338062496578,0.6934742080526233
1.1407792707197886,0.7031661450003699
1.1138648870007508,0.7031430622313266
1.12622710358394,0.6874163382957397
1.1123535712404136,0.7153279831577855
1.0670906623081275,0.7018549776195236
1.116444275380561,0.6981242988019832
1.0869733296859814,0.7233391381943817
1.1349141772287152,0.6931063786905444
1.0992062863539784,0.7111209517945696
1.1334959442518795,0.7226502514845865
1.1079992990615368,0.7108898564444142
1.1531142242013912,0.7237195463114581
1.1327627858766163,0.6887789589490806
1.0856362565527038,0.6954001632452447
1.0878863141312745,0.7053129423703267
1.1034158007730008,0.6933028954460357
1.1175260670809912,0.7107895818810559
1.1329751138432547,0.6951789279249112
1.101985687308923,0.7246572014322852
1.1238805053331067,0.7121094132390066
1.1213960225570232,0.7034809487757732
1.1130946155575545,0.7041580588245948
1.1230469012143736,0.7237141811478122
1.120258785552861,0.732081945228412
1.1331481497453197,0.7085493836607262
1.128729532880321,0.695413675012019
1.1223758929866992,0.7068943235688709
1.0899731303897167,0.7153390775329649
1.100945476902032,0.7112427170735083
1.1072736123490998,0.7049062719632875
1.1420057600472606,0.7115043752297279
1.0987093736288263,0.7123036171063626
1.0979392898726998,0.7456781342229273
1.1381163612267735,0.7328809134406686
1.0934049532792458,0.7232312703128886
1.1204003228390211,0.6934655512969287
1.103792548550617,0.7113976489244334
1.0792006246941581,0.7123568488316492
1.0965085537708872,0.6957383059986448
1.0899784024701582,0.7461907850232308
1.1109733956397956,0.6959077085736435
1.0988412854096705,0.6994881776375144
1.138697153364462,0.7132976832305606
1.0990937569822983,0.7118130478220999
1.1327316250158093,0.7123518996127862
1.1031389373854854,0.7034906537393967
1.1250750585205875,0.7039447972150825
1.1128567077472007,0.7033344580619343
1.1274431051315696,0.7316958648679097
1.1192567163227525,0.7053416016915558
1.0859816575993573,0.7171311057936138
1.1281467410522061,0.7073251175933202
1.106401722556541,0.7074790273345077
1.140489784320005,0.7196224056033214
1.1049483693048248,0.7049478608862432
1.1345609278691098,0.7205780542136822
1.1082359756009934,0.7263744580165421
1.1488840918491898,0.7233966839073863
1.0892111877201167,0.7108970566256738
1.0814167999060442,0.7227618649275498
1.1363852055311754,0.7195228967891385
1.138005814166596,0.7164305069490218
1.0901045754804526,0.7102620456515939
1.1422269388323585,0.7100398551032103
1.153550415131332,0.7121094132390066
1.0906744046225034,0.7018327061105505
1.0851817343650647,0.6880220229677316
1.1006496475589296,0.7119891255084525
1.0814504729176577,0.7144566511442973
1.1307334308134065,0.7104865081152804
1.0950797460582566,0.7039205756817886
1.1217218434732361,0.6952908593190694
1.123206791346556,0.704838687683798
1.1266673358043053,0.7169399336411202
1.0960008114390503,0.6932725195289025
1.1266568106163868,0.6935167473901657
1.1154272530053673,0.7287181893089193
1.1294570380792632,0.7112108148645166
1.1225480317388963,0.7026587449545982
1.1299229805411035,0.7090690631593419
1.0840666251423943,0.7232970910449623
1.1172625847278024,0.713284209104208
1.0870983718376264,0.7041592398355285
1.0908714565876645,0.7228875567065292
1.0963425689738115,0.701440001083266
1.1133757458427334,0.7036578867316192
1.1309734445404631,0.7119172972752267
1.0961079036331185,0.7225382162340104
1.1254825539487079,0.6956370396149946
1.1188667610672194,0.7056310547526106
1.0902275211164183,0.711608803048251
1.091772275227659,0.6961481744183029
1.0767552988964182,0.6893017113274431
1.0817857598128342,0.6859014359375122
1.1513167845557848,0.687242388256616
1.1153254844750495,0.7192981207290832
1.0732313821711417,0.6873954126909485
1.1191011030211313,0.6993892787870404
1.1191493025229926,0.697663920787433
1.108708530003018,0.710253873771804
1.1206708770979408,0.7070214122114853
1.0963124121567633,0.6951197488614271
1.0717999328505419,0.7042596251275858
1.0787699292715884,0.7085227379392405
1.1336910764269605,0.711866413482225
1.1134947560541855,0.7043040042506844
1.150250931422728,0.6873902485580645
1.1128784600318906,0.702041653542224
1.1355754932257147,0.7241148579788443
1.1178036681109982,0.7129474526993826
1.1224326855148015,0.68696874745818
1.1035197560641412,0.7113013049297964
1.0924784718754879,0.6995870806323019
1.0954878968124844,0.702802049451679
1.0846104658347109,0.7187373322883097
1.099058958380299,0.70201440852413
1.0656021951918204,0.7312744044310973
1.0979573336023203,0.6957336720022977
1.1143258381321268,0.7118656270617374
1.1232750228350787,0.7126650175517328
1.1307569261870696,0.7037424040569278
1.1482216171627149,0.7122458674686857
1.1106195419438945,0.695021802169752
1.1500667606831174,0.7058400014763977
1.1035919566598456,0.6799349254262832
1.1233008822131176,0.687511445405933
1.1163407967303944,0.7125745392063334
1.0955303511241385,0.7235220651840323
1.0650705689100335,0.7111663483007514
1.1005793419706305,0.7183451020062563
1.1095028207212256,0.6958862962211421
1.1067763316124368,0.6986324681771792
1.1120465588726776,0.7323362315056636
1.1037635373696788,0.7180108332530433
1.0958597292302847,0.7141310780031331
1.15400740392771,0.687006376710474
1.1287214160180614,0.7100493400258924
1.0955086233278457,0.6951517968148582
1.1448522986352583,0.7345092638992339
1.0963210811764104,0.7231626024712607
1.0843175086839638,0.7050405222054339
1.1211767293529338,0.6996112492944827
1.1430802863107903,0.7119189107461135
1.1502353057074688,0.7232504420953282
1.0960944543713103,0.7067226651545393
1.087667605177954,0.7016533767330619
1.125446920813173,0.7179081535713963
1.0732781608325022,0.7038214311720495
1.0980832235995595,0.7016104154175027
1.1308598773084604,0.7184529540871833
1.1304853658686342,0.702297212326082
1.1245485968034545,0.704027101541439
1.1351761120145871,0.7090853494511706
1.1098217312994405,0.6823244804401668
1.1352565902807987,0.7034961998413833
1.0954218332654506,0.7123984377546049
1.1078889837017434,0.6935235249939364
1.097683145893483,0.695411841500191
1.1135549689212139,0.6952786606038829
1.123231784227099,0.7098956897213744
1.1048672259546288,0.7090368189303455
1.0903498698894134,0.7667214562176918
1.1479850521144372,0.7091204741330012
1.0760354980175146,0.7043815631941608
1.0765061802501583,0.7205930738960502
1.0996638590134358,0.7317167904727007
1.1107156513130585,0.7212349738688351
1.1095666765913101,0.719061429714183
1.108874312860617,0.6956089066828336
1.0971607098355691,0.6898126547039051
1.0831866237523347,0.7094028430135895
1.0867916153609798,0.7127891555434691
1.078993716188542,0.6986538161988731
1.100281916742967,0.6869759661830006
1.1651205153988622,0.7134493045891193
1.1202764221537236,0.7133188813616337
1.1268498988526554,0.6936782327855306
1.0978795363881135,0.713452945151168
1.1087310131516939,0.708846924531823
1.0874088569129894,0.7118336070817668
1.105079175167109,0.7022072186491038
1.0973108223281058,0.7031911246968088
1.0867701974472017,0.708828219694584
1.1366326023765752,0.7287113281344323
1.074646592294782,0.7391990207608283
1.088597186756582,0.7228101474339732
1.1322192400774114,0.7189911232961952
1.1163928488930044,0.7109849967498825
1.1458765961226043,0.7126018961079659
1.1205818525145421,0.7085493836607261
1.1178504338582729,0.7134369673698548
1.1131893256933671,0.7065432944362993
1.0942643258590188,0.7071972656488119
1.0872945122020952,0.7094050363458537
1.0975492372985016,0.7206255139513842
1.1080229611674757,0.6934287094726144
1.098565809225382,0.7111692091640711
1.089991713955216,0.7100395191603412
1.0831364508839827,0.6933028954460357
1.084297517637625,0.7094914447890932
1.140204959502752,0.7099818917702632
1.126686417462552,0.6935441042917979
1.1071360821625331,0.7238947494908355
1.1108320636701081,0.7193066053030082
1.1033509884282398,0.7289844443121626
1.0681899790175156,0.7300162684368466
1.1345560137444202,0.7329117232363951
1.0845743616219685,0.711976800422818
1.0872089274532668,0.714527510896754
6.7789709624982555,10.688791018227885