1.4427239460868335,0.7226484626357212
1.5234389314380534,0.7401088155490227
1.464233284779118,0.7431273361103854
1.5233365735091098,0.7705457860405895
1.4728491160665604,0.741764379459412
1.5041703117024756,0.7457110261501245
1.5341773087844894,0.7652506439981343
1.4916900953172962,0.7164923252195872
1.4414306309311067,0.7413381350226216
1.489635811516305,0.722776025144946
1.4485601397887953,0.7145275787658325
1.518033567954629,0.7453526737459361
1.4661688228416192,0.7113419719592061
1.486348746022306,0.7436342914196217
1.438825450227421,0.7188688204785925
1.4885105618708232,0.725830194274409
1.4057309806121407,0.7290866651119978
1.497798480772328,0.7414044819334236
1.5043555651250902,0.7251160806485569
1.5103164513337222,0.7208334371385607
1.5154523901465817,0.7402707564798243
1.4896856448579932,0.7451371519068813
1.5265192964636736,0.7336729204110202
1.5061299938276236,0.7278453129252285
1.5289647770088974,0.728349279074763
1.4894038699239889,0.757923177332851
1.530039846701458,0.7315660011249271
1.5410224310554592,0.780046859433152
1.5060442524520452,0.7348400573717172
1.4388190181592264,0.7516556120779253
1.4963260753535417,0.7761002517257974
1.4252461690241012,0.7465010954892496
1.465093443390178,0.7106443696913025
1.4334138805813388,0.7690134062692779
1.505293159401238,0.7339400218009103
1.5358346410912014,0.7517910786496896
1.4464751972723577,0.7365118493070737
1.4989911286097222,0.7512214675006281
1.4577712816043185,0.7546340604391297
1.4856841233389484,0.7312385945184648
1.4619610647902659,0.7276134778338268
1.4765763561307457,0.7651806462861186
1.577308513994545,0.7545436869657165
1.4366242499740047,0.742347317969688
1.4268122949401054,0.7499967739539865
1.4872699244665017,0.7355453416006451
1.3887101089622627,0.7567286303737806
1.4497634012266547,0.7480292115412854
1.4814086388181167,0.7615188472558527
1.4524200273444505,0.751218935652078
1.488676445997441,0.7429789643350801
1.5138740148117775,0.7351609330127495
1.495816668959396,0.7237353759379068
1.5140098470764387,0.7301720925232439
1.5222018519043239,0.7245999031997374
1.4263603403230918,0.7342098162696054
1.471994530389547,0.7761317278427124
1.5246992638987082,0.7341019313876447
1.4269831809465905,0.7623513368400423
1.50808022665426,0.7499954696065618
1.4719293951659296,0.7365438879252761
1.5101975693110594,0.7326636192802471
1.508010797094914,0.7349872740791117
1.5008048425020817,0.7362916447697291
1.459561332386061,0.7303272085372401
1.468488412477295,0.7546731215499741
1.467523872981367,0.7231395937447371
1.4535157003569334,0.7182371424791058
1.4649345952117145,0.7291610255051553
1.571897619025628,0.7412320749722571
1.5135573828507916,0.749768852526514
1.502844307091694,0.74942983153161
1.461113913927808,0.7383767996526578
1.4928533773614474,0.7182835161730082
1.470651053384013,0.7207637028190825
1.5089353723846568,0.7332294102398458
1.4447867419510165,0.7468687116459383
1.4606683344960216,0.7691647216532186
1.4993692949347937,0.7099824224153366
1.5728393170614348,0.7201395647623942
1.51871596236048,0.7276704944957506
1.475048142361601,0.7766288407863906
1.5189069058327165,0.7270091662779361
1.4911883085966695,0.7546143770995317
1.4785488657986696,0.7551833223382957
1.5764241897752125,0.7697124995834925
1.5069907692072737,0.7416490529145059
1.4671088014524485,0.7279172072405697
1.4643328940626459,0.7642057582859556
1.4749550388496746,0.7387276927977755
1.4771016835494997,0.721107891113661
1.4699438049353215,0.7145803113899898
1.520377846639566,0.7376797390632746
1.4862796593495922,0.7311487230890855
1.453976134005793,0.7575617141966344
1.4859339012190818,0.7394663238322643
1.5341533162521428,0.7385691186409171
1.4151214576329767,0.7340518796527656
1.4409161271339224,0.7183200977167818
1.4692576188625657,0.7442595032972856
1.4568581857787684,0.7502393671891561
1.523813774126605,0.7273419495483833
1.383398894651246,0.7344592788112141
1.5091473258474073,0.7368059606425174
1.472206714946969,0.7648502359941283
1.5203188290982734,0.7409889254705199
1.4149795432669212,0.7439031398961949
1.4267692590857595,0.7243073742506937
1.5394112806837095,0.7541919874691371
1.408473097993262,0.7585553017671515
1.4691391442174209,0.7084712667842175
1.4784618289497817,0.7073520473372266
1.4452210024704626,0.7474655898606619
1.4965245852270723,0.7601850531254543
1.4495066912632486,0.7211188094150975
1.506471897985935,0.7497023736768408
1.4474021629664295,0.7623722023182298
1.5023270451057105,0.7752224883939802
1.413439502461988,0.7431772177857696
1.4747784676906626,0.7304899017297095
1.448416382538838,0.7495121583162427
1.5324625470596083,0.7675147309144227
1.5421598895224724,0.749286135045063
1.4876807875920264,0.7515803957830983
1.5074293797655738,0.7402022616762578
1.4687870519897097,0.7594266396535154
1.4761026613781558,0.7498729118819567
1.506401797253032,0.7416312261204265
1.5481609340772569,0.742520408785082
1.5251049100486533,0.7120352108276812
1.5229024940748432,0.7544669540037541
1.4711509599437715,0.7619274390989619
1.4008610105338388,0.7279347054475804
1.4640634822189535,0.7635236242998462
1.4762678251020591,0.7443663327135022
1.4455688653970038,0.7474507067464737
1.4936942980204697,0.7337745685775688
1.5127479463649702,0.7164134381434928
1.4677300114705443,0.7453692533651258
1.4925858396441283,0.7581466532703247
1.4609510911408279,0.7644130899065503
1.4184160311140843,0.7431010342834945
1.5842872888330395,0.7503515507416867
1.5472985874752365,0.7385060546455746
1.4295403807710378,0.732899282676893
1.4112918042291318,0.7300180925297914
1.5196995008485725,0.7315250458253277
1.4742820875272995,0.7290222339330844
1.4509383059014473,0.7498907249855672
1.514630146126051,0.7644123113920027
1.5076957682145253,0.7415883863548896
1.5182857141822175,0.7429048085857066
1.4117392977288472,0.7613967353676229
1.4841469078724037,0.7685297696976567
1.4105176871771385,0.7423073275472163
1.5223766913831145,0.7333306566402238
1.483130009006954,0.7555169819889526
1.5329686594288223,0.7692326689790154
1.4305255267974513,0.7386581631289943
1.508649485033974,0.776495582025731
1.4760698874366298,0.7862153243755997
1.4678343602995911,0.7118083337528844
1.4267895667077326,0.760311041023046
1.49355109863045,0.7800306213063131
1.4679242321443857,0.7132829425310585
1.436075136971984,0.7486686089927317
1.4856389683635634,0.7170543761575128
1.4904294395221402,0.7116668311144154
1.3965796308511058,0.724695442728709
1.4934024375362318,0.7643790915964481
1.4746490480439332,0.7626836471343157
1.5649897136134652,0.7377842712908096
1.422653949062097,0.7482207191563939
1.4990452383131851,0.742067520267859
1.4728465417064205,0.7374219823372214
1.4364216657220774,0.7613709114991641
1.4711804211007176,0.7187964083656
1.468845635477739,0.7630633588068866
1.4977736403506126,0.7348283845744318
1.492084935708119,0.7778436457030005
1.4546532386667064,0.7485452414572926
1.4993255689721865,0.7696774184794689
1.4878449059478918,0.7467827414927718
1.5255482644723044,0.7091424517063906
1.4394489837803595,0.7286917444342463
1.4454168090577744,0.7518843343445862
1.4642947266257647,0.7582729451924437
1.4862050451431517,0.738356612353944
1.5123272056171355,0.7590743610742484
1.440591542042365,0.7375697203189929
1.462952617122169,0.7358598280825667
1.506918048424221,0.7185565939469996
1.5673048637506104,0.7677387489759003
1.5115790547573686,0.7575249489448003
1.4445287580937363,0.7322877412352214
1.480607931900557,0.7490744795169607
1.5466974376133045,0.7533761675605659
1.4252314598390077,0.7142354744999998
1.4061240098580496,0.749798265990796
1.5093059487334362,0.7525701951299552
1.476802067573028,0.764493285232595
1.473812085900414,0.7749410671440942
1.5381645603046867,0.7426977650415743
1.4676614249833562,0.7457438221734178
1.485440264497545,0.7311230680249828
1.5271731601191942,0.7594555223978011
1.4464566343267817,0.7327606011332233
1.44921852882078,0.7380328211763505
1.4909398239420153,0.7491151388454855
1.4214614413582398,0.7578219840051613
1.4602693139392906,0.7509186630181393
1.3692306853805205,0.751163536697078
1.4678756778487825,0.7607125344158052
1.4480408103454372,0.7635993239519103
1.4599196080032681,0.7159175878481299
1.4656935078241673,0.7541015598562782
1.4382355250049506,0.7357497283202256
1.4682457798361521,0.7482826875467335
1.4768999592515968,0.7492029288288076
1.4421148234659382,0.7619845663172778
1.4494960255769969,0.7367737153713991
1.4652493406776141,0.7108834119630142
1.484329862232182,0.7576380982634451
1.503037273044918,0.7356980740710339
1.4059323200738463,0.7390278642643884
1.3750018957850993,0.73147657100269
1.5360907140871578,0.7118848167749292
1.4662429164659359,0.7735422289845967
1.4329177483610234,0.7388634791390971
1.4787359577967358,0.7561864954652705
1.4819822883005045,0.7710539870268243
1.4502918747219904,0.7564837502929637
1.5046635004185918,0.7584031826423385
1.4866130616818054,0.7780777317946388
1.4315563824690911,0.7578308034397605
1.5289952852048014,0.7247794837696193
1.4824184437823154,0.7251927652018074
1.389043222264293,0.7756124984190904
1.5071199131810524,0.7836783687868347
1.4801220607033014,0.7266742453901431
1.4432098387410435,0.7580721433889613
1.5113417091189838,0.7649939418060192
1.4331547507424798,0.7701230798156136
1.4204991621234853,0.7425525841288412
1.4411135514938282,0.7269122871045632
1.4757868942448706,0.7303543524060527
1.54315380087813,0.7530378723540336
1.4461540840453453,0.739017837921647
1.438785956512328,0.7243302628135786
1.415016468461864,0.747936341964522
1.5453852098154486,0.7478679623837174
1.4837464414462354,0.7288625903884856
1.4869713524682657,0.761843922681092
1.5180857567880581,0.7332117014204739
1.5147445269326565,0.771460862538279
1.483667731341105,0.73043417231355
1.5031710278656536,0.7363421406687402
1.4921354097991713,0.7334344602585248
1.4615994543304969,0.7485503863707266
1.472301390489773,0.7325670005700993
1.5209207585120248,0.7402824841457848
1.4612356606035866,0.7381753673783333
1.4916798289974342,0.7508947012502574
1.4720830622671544,0.7513065195084111
1.4697244215753311,0.7231528119606155
1.4923900838965112,0.7298436053914688
1.5143730123240489,0.7370546834905334
1.4946262664242984,0.7725241923143493
1.494283300447356,0.7267864696505835
1.4335773933681468,0.729091176083431
1.4971235971248327,0.7136082318062
1.457524482600012,0.7160221017909292
1.3997445881564563,0.7426522057814158
1.4382149255840067,0.7428839694809893
1.5010914429569306,0.7287360612878697
1.471115088028757,0.745760975881685
1.4596568739750815,0.7777185360235912
1.4994166696450344,0.7669113297704507
1.4352123237073178,0.7605821096143013
1.4590974344913161,0.7498980786716811
1.454100675042854,0.7452104049263928
1.496027920294398,0.717819450430956
1.4993636869165097,0.7448785658418909
1.501623571197294,0.7258817217326307
1.4634710531904302,0.7441447477057688
1.452842011957194,0.7713311264727475
1.4846396192264912,0.7596827722341627
1.548354978343272,0.7672177378030682
1.483510961770847,0.7383364422875243
1.4644507163456475,0.7313241496607352
1.4590503973602695,0.7314860903560065
1.4449471956495443,0.7540715104366258
1.4924379644230874,0.7558815373794667
1.521113105413812,0.7230993755639918
1.49555408586557,0.7499599284142036
1.4497967558102571,0.7716331394117336
1.5016991511218496,0.7213441403089046
1.5002963551484756,0.7439658727566765
1.5270782050172613,0.7204156169681881
1.4846606968257097,0.7300212006966875
1.5204870309753256,0.726188879908874
1.4835602237124244,0.7275212972236691
1.5068640873492969,0.7637710546101129
1.5108504706241783,0.7427234707943484
1.45839537393082,0.7284873416522375
1.5219580715163485,0.7429414124199375
1.4729614269630504,0.7496320757816027
1.5077133558063356,0.7415858392663127
1.5169062126122987,0.7705483726557787
1.5263135976976998,0.7623336329352535
1.4841930207518148,0.7024119706892916
1.5175359711620264,0.7529870451331444
1.4776903531560455,0.7461529285985715
1.5214701161020283,0.7694435427530181
1.494756451754356,0.728519579519965
1.4998159205636192,0.7229095976334015
1.574905568541982,0.7435535636729358
1.531303544322364,0.7248364798576643
1.4670228114990622,0.7493453352554509
1.4726567780358142,0.7416289703083461
1.5523021368419323,0.7462461947347694
1.4986826266774849,0.7057603524417133
1.4208625706386417,0.7484461134649694
1.4836354483464727,0.7741534524780422
1.502249031243952,0.7429289808343226
1.4784404920410354,0.761157887816305
1.5002814117934096,0.7543142432100771
1.4903834647413656,0.7461024394261325
1.4788328496962315,0.7558868570949402
1.51633097580158,0.7645515875288194
1.467224884851932,0.7541318119308882
1.4556195082706032,0.7657796186185272
1.514023193046945,0.7275118660948225
1.4865424924244566,0.7535777508212042
1.5322670855344793,0.7410036901250932
1.478475990681781,0.7437955846129805
1.5252927566951935,0.7479830527497922
1.4128191967446777,0.7331258669650429
1.4916724244026283,0.759298656914587
1.5038181003362443,0.7642298324030073
1.5356347695661954,0.7684429021594379
1.4131007643364522,0.7525612720419692
1.482299082737477,0.7403629547110884
1.4652870095724326,0.7349681982291051
1.494093017627342,0.719942906552301
1.4208225060688353,0.7477857134148869
1.5128867952867953,0.7271203559789448
1.4728046700192732,0.719968049265509
1.45068515493864,0.7467318515602042
1.534945927223756,0.7496924254639448
1.474383965467112,0.7247747387506699
1.4535168267175687,0.7364618366380855
1.4540748787938955,0.7328841623770828
1.3863363111295457,0.7358316041800079
1.4754664504822252,0.7389100121539958
1.4679946846663883,0.7488370185872609
1.5280791375045213,0.7772947910426786
1.4806159807310388,0.7349169346808722
1.5125193810127562,0.7354994050248446
1.517164121015804,0.7237992341218122
1.4948472701076705,0.7643294595872655
1.4460033718335328,0.7731691164743069
1.426532063501368,0.7503122273247829
1.4751391915814345,0.7498256179314882
1.5092887703070712,0.7581395804411439
1.453225365958996,0.7231671661081613
1.3659949836076315,0.7381919120703044
1.5097309028124248,0.7564681009278355
1.484498331125111,0.7370218783547505
1.4921469236686349,0.7309997364059174
1.5248113560288776,0.7149900515480875
1.3823392066985407,0.7423933745973762
1.4443495025258002,0.7130331203742915
1.5589866074711274,0.7416852704807322
1.4891473553488321,0.777244736460712
1.451900555925727,0.7641675170899056
1.464994217802676,0.7451632789326075
1.4596925566255943,0.7083856500017682
1.4506332106030577,0.7624035281282379
1.5039386406204562,0.7211972404566164
1.5365794217134865,0.7217408244259467
1.5026174761420346,0.747102221808567
1.4777016603303987,0.7388721038895796
1.4574749627439503,0.7281327867519761
1.4731943597403219,0.7539989027055708
1.5033159521864903,0.7615585454142556
1.4650023710109152,0.7653239675712632
1.4192603933923598,0.7547778401580907
1.4863787144443457,0.7307471695530385
1.4739631828689563,0.734370534394294
1.4636641180720027,0.7548149937384384
1.5218942440157683,0.7569103642645338
1.4330811912692563,0.7295653544012956
1.5544302802050776,0.7756215130068449
1.4566851073012848,0.7379143820166998
1.4931242247985312,0.7388271613837694
1.4783776555032706,0.7645619008734742
1.5318540476885871,0.7590821444124712
1.4851387654267199,0.7322616955324703
1.4863693027953324,0.7174300358427612
1.4651771921991503,0.7462640646615277
1.4701878011150311,0.7356015310271147
1.5585902114955288,0.745134335640691
1.5765909965841685,0.7474790022959034
1.5120971277972521,0.7510337851615968
1.4451025681391243,0.7448100472455264
1.5112418323915013,0.7636414497324224
1.483376302716842,0.7177537794182376
1.463677252921178,0.7502071004916341
1.5147404858596356,0.7026291498041897
1.5383755640614352,0.770772418145317
1.4996752713062826,0.750248148488388
1.5231809883328615,0.7328392138291349
1.4407250211044456,0.7398664837946601
1.4454907634161271,0.7792333156387994
1.4405842785094536,0.7443180611514923
1.469107520143126,0.7141727987441004
1.4491028415656004,0.785611697830489
1.5250383953306785,0.7480488051716911
1.4590158042843036,0.7337389328803319
1.4878233596192731,0.7705980976097918
1.4839717803139876,0.7867730066793022
1.4947563913834758,0.7572350452322196
1.492807244022399,0.7552426805674746
1.4208235745236115,0.7329905876622536
1.5111075721990688,0.7523776939947174
1.489302675090702,0.7170511451729933
1.5236008625353548,0.7495015833127141
1.4749786461919105,0.7563915785599792
1.5570415663585293,0.7297769478766193
1.4388452943432946,0.7526345580906447
1.4755775266846138,0.732903993968888
1.4971820485124891,0.7715464795628029
1.504011209311958,0.7509740503355415
1.4490180440246296,0.7411946893978788
1.4888567332817588,0.7657096717833957
1.465197085250243,0.7161937299407013
1.3966180833195914,0.7508215533511503
1.4966770460227037,0.7597059903801342
1.4742679279148707,0.7144141047660504
1.5013273068288708,0.7355670972791277
1.5244824389970406,0.7235711975235872
1.512254618770759,0.7490689029610764
1.4962470765811413,0.7383708204491038
1.4750431945809983,0.7161802693643294
1.47120449633166,0.7540938168687807
1.5137371836364908,0.7490336665475207
1.4484919588662497,0.746854930125425
1.4169360223577234,0.754977428531894
1.44210341536302,0.7418008208208158
1.4497183035382504,0.7340736502024123
1.5126151920267181,0.7315900829887788
1.4586267512649265,0.7601166406413459
1.5298417170095615,0.7651962834571716
1.4895273495188655,0.7132929871530198
1.5201957416113285,0.7420761131516704
1.515935816209422,0.7560944129370317
1.4701622972887698,0.7756643039702733
1.4971517069393343,0.7155635757272452
1.4713163195769334,0.7179514400103378
1.4965510495958938,0.7553810539768357
1.4699424738102616,0.7379473811307827
1.5207135456558627,0.7608518602451539
1.4481756768385061,0.7412337446179567
1.4904115680492318,0.728269662277857
1.4354302890026869,0.8032064573784284
1.5372654327218653,0.7361788738396232
1.527074892613812,0.7342515095689135
1.5201494591533566,0.7209885677102768
1.463847286878189,0.731146352486722
1.4577010750872392,0.7455849872411178
1.4651363707937723,0.753265037146837
1.4896213389506285,0.7394757824113818
1.4672125311158968,0.7278916951807854
1.4998247367176463,0.7507443120821491
1.4780388364270836,0.7477439923266256
1.4946715343047303,0.766758849230611
1.3852600190082642,0.7522671619748975
1.5488766751215508,0.7330216119867152
1.5565275558960183,0.722321270299133
1.477813652878442,0.7442032191780598
1.45566844204737,0.7731410031193631
1.4634427061072888,0.7237210084834556
1.56393506525654,0.7151876599424042
1.5118769789093103,0.7617467659892634
1.5228135570945431,0.7410845593209047
1.4266691566265635,0.7718713900370139
1.4655466548999718,0.72808396192259
1.526992874682353,0.7352879953028844
1.4770079111544092,0.7472385579467654
1.5371479103483165,0.744727274200605
1.467512472157741,0.75193861189591
1.478338139187647,0.7329470510660026
1.4917517426681888,0.7251275406806738
1.4450429249952594,0.7673197440757508
1.4576731754642334,0.7541614526359537
1.4564380649081006,0.7415100886031445
1.4562393065739552,0.7424114687835798
1.4935488290402028,0.7277128572036382
1.4405182851520426,0.7231492882695272
1.4539008051164328,0.7362307266276542
1.477497605061644,0.7127820730392298
1.5302285594937217,0.7476894402220287
1.5190968627213102,0.750639407142651
1.555847625641981,0.7391441174391293
1.5354308951020261,0.7501022720305687
1.4203671335374473,0.7611026294254253
1.4384033943047512,0.7714526841710045
1.5216180969988202,0.7531781050208828
1.5280347766572309,0.7206558863715926
1.4492708355338866,0.781549853977199
1.5515103937498582,0.7546872831586081
1.5088899364867898,0.7460911873304594
1.4751238360545644,0.7443186575193439
1.518529195067326,0.7630973421649159
1.5234121682067943,0.7437321878826739
1.491591893776778,0.7526437357313496
1.496685549381024,0.7709951770516116
1.436626180456265,0.7465674540294951
1.452882066479986,0.718990751683045
1.4759507659127282,0.7394046492650149
1.4813391669570908,0.725061645119104
1.4503800416559907,0.7224871464749771
1.5176492397009904,0.7535544313698912
1.4998732685441094,0.7676708262689044
1.4910734395138334,0.7256685720400143
1.530723174836706,0.7497815171531036
1.5503421276926095,0.7738383450995785
1.448003389902062,0.728287430671687
1.452609989686542,0.7602529263222462
1.473649758049841,0.7106847320915008
1.3993819300914554,0.7528949999875939
1.4843930063466924,0.7705085735140723
1.4979790266036077,0.713830906644638
1.4410587504880914,0.7446673831940374
1.5010347080072468,0.7160881081830242
1.4460340199747952,0.7380405394744389
1.4704511019017246,0.7607558519617497
1.5200119708773896,0.739771102992629
1.4642739046772144,0.7600926586901715
1.4752883281000713,0.7971526807832097
1.486927403276963,0.7639366246636128
1.4792578464117692,0.754879887999778
1.61449457250625,0.7233214877155658
1.5361033519537906,0.7522741218734498
1.4323157514977418,0.7609687902066758
1.4828222475852841,0.7351759624594114
1.5127707422045018,0.7625466737393602
1.4371993399301137,0.7720804463880098
1.5067800136474758,0.7281222541225962
1.4647347786016862,0.737051831580239
1.445975162429164,0.7504957311641383
1.470871620133847,0.7361403149100788
1.4321911674797558,0.7379555194212504
1.4481054038309455,0.7534589806822183
1.4366378009093865,0.724656133276263
1.4662347162079121,0.7614199692848159
1.50342427407814,0.7494313874325309
1.4555750991045686,0.7361690709983891
1.4961251888151226,0.7225658917508382
1.500565561413728,0.7421300373742312
1.458557994964852,0.7625434849463475
1.4475842732240856,0.7509709047084758
1.4891298845727634,0.74407855689353
1.4576008866959658,0.7256222986665863
1.4818105642272097,0.7164197292607495
1.4603555161574324,0.7494286093166276
1.4342796691316482,0.7486511252294011
1.4903241660845499,0.7220530208021456
1.4131460754012062,0.7460297256722523
1.4335682060768538,0.7507802339536904
1.529997726638203,0.7499296269572938
1.4800353700987126,0.7672377139905656
1.495838704159885,0.7409372246973343
1.492603220250133,0.7433900791570509
1.5078605478769243,0.7483874380066984
1.4441769503441175,0.7212370906800153
1.4581917180009387,0.7584015109530304
1.501401884232329,0.7500752336332991
1.449626246906971,0.7325703989679768
1.4524662898987757,0.7451374048236998
1.3995040665806329,0.729613929440836
1.5004223085928208,0.7452958536298264
1.408263210191492,0.7525174932697456
1.3898959314959414,0.7362205531192446
1.4241546945815318,0.7525915729205818
1.471353912101699,0.7593989962048453
1.5042582293026636,0.7295141167599506
1.5012684073737863,0.7286988454419818
1.4558842302514374,0.794165224209228
1.5050417421333808,0.7657961319788862
1.4536998124116758,0.7418489475816599
1.3889379490423934,0.7542700943939701
1.4968347520040912,0.7886463541509504
1.474996251532699,0.7734854026406106
1.4513566396573991,0.721336124489133
1.511788680358114,0.7257806888704099
1.5530821333517062,0.7425574995206977
1.4405801736234787,0.7524501172934872
1.4337312284335106,0.7604408119403434
1.4963902661449022,0.745912832312218
1.4791678063382956,0.7244679710687962
1.4309039368502405,0.7359657526840558
1.4412734864769192,0.7407348744649629
1.40953320869449,0.7828631281123724
1.4669571378001944,0.727332958943702
1.4834545535906767,0.7616618448991332
1.397914617122805,0.7379888013212529
1.5062381046698645,0.7825988046917024
1.4424039474172166,0.7269889014520008
1.5585705194511659,0.7247741235158824
1.4881129792965462,0.7496515853767518
1.5611201911362456,0.7308525501181518
1.502445715257418,0.7525715993819773
1.4678338118289362,0.7455443305392232
1.4916182652262726,0.73680619409103
1.5000343517364023,0.7299890093285566
1.4567052230398418,0.7571512998941149
1.4782355643375718,0.753183900885078
1.4908378403853941,0.7800529399963164
1.4560787132193131,0.7443332529871769
1.4709229186837607,0.7429927250423712
1.4251017540411397,0.7444763307292213
1.5351236498560674,0.7582990658344753
1.5249193738071376,0.7602337851557718
1.422411934963276,0.7325749897075389
1.5889028173893827,0.7572092617011461
1.5006770374382665,0.7403224471490177
1.4396674251289583,0.7420736679692301
1.4785393054061085,0.7634862989709802
1.4578528958100074,0.7532609350580817
1.4771881134011111,0.7347077210615907
1.5169898540445308,0.7508909598095769
1.5264341284636074,0.7449472976681276
1.5349402165554498,0.7578277378661717
1.4867373617505666,0.7601088564822343
1.4821562828678598,0.7396717915987352
1.5169901566239297,0.7641373818068451
1.4485384602699998,0.751476358660246
1.4560900576613043,0.7490541791091483
1.4639229721513234,0.7735758370788332
1.431710299079296,0.7366292342920259
1.5435373527082703,0.7693166586246097
1.4318013238091227,0.7304132145957515
1.529370578208513,0.7065166834166271
1.47746251093236,0.7428743933379356
1.4692529754093526,0.7561110917808229
1.4798729029035587,0.7844586620648656
1.4735174601489975,0.750192534215023
1.424577471075238,0.7354039685354412
1.459244622407224,0.7554234832236643
1.5003055280242372,0.7412158085225463
1.5267415690403858,0.7260990634256459
1.4458721798408436,0.7775396958839685
1.4975557157387624,0.7182307354071628
1.462174507483072,0.7536203141091402
1.4808250366336957,0.7583464361177803
1.4864875112768985,0.7418267481643197
1.474488835686478,0.751663554546966
1.5570931085283681,0.7340527185643868
1.4325249017466652,0.7422520328795486
1.4519378235198266,0.7532720465717367
1.4851392048228884,0.7513035068819802
1.4704083378676287,0.7436187753071087
1.5013202168215316,0.7484252031148216
1.4734202572386494,0.7260027981191267
1.4520210129708546,0.7320976492356724
1.42937657166435,0.7350880553921637
1.4582479597067253,0.7534643277257159
1.4381587806248866,0.7248939063832833
1.5406462087138888,0.7461586062049891
1.4464301752860602,0.7475913129568524
1.5063440019846657,0.7563651062994499
1.445461528797955,0.7225046114621698
1.466295613819122,0.7349099601747824
1.519783123328973,0.7490268576420662
1.4944576680473287,0.7333126688584745
1.494516398547597,0.7415863053637523
1.4679307963795345,0.7169513387410891
1.4806984603885147,0.7347607885320814
1.4935444826566027,0.7503509428457072
1.5142563422665591,0.750145434619958
1.4467280670311458,0.7392116671141602
1.4334832387039487,0.7552887365975829
1.3954096382140386,0.7161338697450987
1.5656140132059393,0.7411630072298282
1.4923485657493125,0.7623791587282025
1.4644958327253397,0.7297917462976663
1.428676712157747,0.7266678512021518
1.4978053808649547,0.7287190108395384
1.4387551594963506,0.7510215103195388
1.4782953213013423,0.7099783725886317
1.5097111337841138,0.7494241897543817
1.5414537701038447,0.7519576859335564
1.4389392896873,0.7332204697173312
1.4622352311685904,0.7481144157304925
1.5292735116346738,0.7235278421355388
1.4739966593664502,0.7546546634624758
1.539701079890028,0.7611340666698554
1.390446922577643,0.7444590513889411
1.519066003712728,0.7595066813896036
1.4719041870784615,0.7419620827851297
1.4778129412503846,0.7578548585172911
1.5000115505459481,0.7386359637116542
1.5392283407653555,0.7041850790765578
1.4726745440073161,0.7365012268954017
1.4324229331042357,0.7206811940446651
1.4570312764120332,0.7619051175680691
1.4621836112911901,0.7810235998276235
1.4691546376855464,0.7408042492032278
1.5416044356102379,0.7119799275613103
1.5045431147343615,0.7357454097799296
1.5541044219917985,0.731186667597129
1.4727213142986955,0.7479685239025886
1.512333933871591,0.7359948959374369
1.4159649460413992,0.769249293539776
1.5012912824470512,0.7325729427111928
1.4745224331090532,0.7295368652689493
1.4840582319623945,0.7236414847058446
1.5340745435038452,0.7425955493731228
1.5143136092266487,0.7445975553920682
1.5005621026910758,0.7205696229071779
1.523247000800397,0.7647323294059827
1.4214101527022545,0.7479543119276977
1.4334050571791013,0.7329791296138536
1.514871691779382,0.7253593797686427
1.565734505119472,0.7494436077513429
1.4771890800726402,0.7124841037267917
1.4882889174309641,0.7387450456412757
1.4388054637659073,0.7400092588547893
1.4910772973431745,0.7530496321711364
1.4987252033682046,0.7594084346285137
1.4701190915910445,0.7705034786027505
1.4717126514797831,0.734593652471683
1.45666571354371,0.713449304589119
1.4778895334021351,0.7543683089618066
1.4801449683846073,0.7413280977584393
1.5090438637524262,0.7180097994335117
1.5216311315919018,0.7462192553331517
1.5026047497083177,0.7422004307638617
1.5022540754330906,0.7342791636439346
1.5659762110750095,0.7212658073549766
1.4912974070040417,0.7273483809666013
1.4771230865662772,0.7582926460856404
1.4913686879713068,0.7462681781083631
1.4745726238058712,0.7661198673824714
1.4563585420071872,0.723119327129825
1.473711174032777,0.7317480218036938
1.4202436194988461,0.7895301309328271
1.4380617497770318,0.7731123070065253
1.5075394597960996,0.7544525032282985
1.4613546959747024,0.7472359650569669
1.4740615197168305,0.734726463382259
1.5106064775847847,0.7084526541254499
1.5520687202235532,0.7251939328602618
1.5474320166535651,0.7644682887605718
1.5308271827247126,0.7167823953824257
1.3956492809362924,0.7827952338855557
1.55080781669981,0.761245662220823
1.4334846634182299,0.7356877290776475
1.5038870287751744,0.7499616516246863
1.51774792850992,0.7503279450708424
1.4444478589006857,0.7456747541012309
1.4757804132742043,0.7312190182378887
1.3799441167071849,0.7082907054386262
1.4086765940209065,0.7450101429950573
1.4821177986796346,0.7072665893038963
1.4373033301724212,0.7855874233932842
1.466453725874257,0.7425661830583806
1.567007321866987,0.7552746123975793
1.4878887609616505,0.7436706703741883
1.4747631142313717,0.7315976182074206
1.4625200756613441,0.7057273882692401
1.5009107308680145,0.7224256481360153
1.503337516585394,0.7543195563258935
1.5061516149037526,0.7643094293871735
1.4696029560198407,0.7435212473829222
1.5334299956078752,0.730313841792492
1.5185964179610023,0.7568739683164345
1.508717651327441,0.7240521155246441
1.4878699904673889,0.7493013755164843
1.464147334326458,0.7537141460653338
1.5289473652107513,0.7600173822235743
1.401449754991675,0.7344634989916863
1.4577964720509577,0.7397086504434878
1.479926779623694,0.7624723832514035
1.4963132796392866,0.7250509178286055
1.5515224299811907,0.7392086771795058
1.4477933434526489,0.7365852568072906
1.4771557011577854,0.7463956177260357
1.3904190667627228,0.7512920176264377
1.5159589226588532,0.7619426885070341
1.4697136710948053,0.7283119876076921
1.4772001105423211,0.7295083918441954
1.4804108782284002,0.7345208561704112
1.4576162631206346,0.735868201910741
1.474202647481656,0.7443028611844227
1.422721000508829,0.7207915236894564
1.4379923393842966,0.7583933316873839
1.448262588396662,0.75969622237283
1.481233641927089,0.7267509907190013
1.4747355768764838,0.7238802152049759
1.4788916056082215,0.7503315209707666
1.479156161105668,0.7397056994997273
1.475986720133755,0.7506353349979349
1.5227166023331569,0.7407912216842396
1.4547290723430752,0.7576121552295423
1.5236706647010874,0.7362245204022149
1.4905835622541648,0.7240146140911867
1.4463321098281765,0.7361885974165022
1.5949791731457745,0.7483116431818817
1.4609469625109417,0.7577404106529736
1.4883588041295774,0.7293382954077037
1.418094901587392,0.7451829151186449
1.5111528239902525,0.7311435858904947
1.3927025237448307,0.7484694933817888
1.4687996739691698,0.7668743656985374
1.4263213074371188,0.7351165411835616
1.4028372955126263,0.7508840511190403
1.4825897687649197,0.7109271070731782
1.520742021723273,0.7330434532301481
1.5078460116585117,0.7711598370804108
1.477536938359682,0.7603206427360214
1.4502938517931574,0.7333515956141109
1.4092631565190936,0.7433252685533047
1.431243102923029,0.763688869009169
1.4773321684406222,0.7833494709433362
1.4873907456691153,0.7686828186912972
1.471501285034809,0.7549979645485945
1.506202593584809,0.7474253457530043
1.4894323882731906,0.7291077742498322
1.5177695463163934,0.7423760443745279
1.451225941719471,0.7349700329727501
1.527280476005565,0.782692613221255
1.3981545750787554,0.735667179841571
1.4868078458310305,0.7416451097450383
1.548195346740876,0.7710335321662722
1.4955263906143201,0.7430541337543044
1.491902310938194,0.7334577437698517
1.4609248234107748,0.7209483220137158
1.5155882701911698,0.7199603484721109
1.4982802049606005,0.7535052562159594
1.4618889309175924,0.7397222426012396
1.4544668182969014,0.7530393911842377
1.4919693250622752,0.7413696825834741
1.5348788845595989,0.7487185716641155
1.4394604766071077,0.7495875527563811
1.4978078124561995,0.7525969058907716
1.4208310368156452,0.7650022572077582
1.4545792040866021,0.7427655960270998
1.4623408880576276,0.772993715906686
1.4766993694041228,0.7348111405746982
1.4535378755740966,0.7212825042566045
1.5080567151395403,0.7506325222582643
1.476403396125008,0.7068943857548173
1.4477793323439136,0.733374687736235
1.4260715693624644,0.7510419026570619
1.4825682534730835,0.7569071410661893
1.4551345357974022,0.7673630615566527
1.4786674147732062,0.7396581059115731
1.5343035456054293,0.7118280780955442
1.470127412881878,0.7407120507654379
1.4303023717596783,0.7419695899230018
1.5205446759986347,0.7638748954009608
1.5056550446948234,0.7584268723058284
1.4511206525134979,0.7325359983443533
1.453060258057441,0.7254386541641441
1.4834363636835488,0.7579115166098004
1.4529653800712161,0.7590954314476824
1.4901766769546525,0.7470813792868369
1.4408384557346978,0.7399502436965979
1.48154119359847,0.7430574458646291
1.4625126164524176,0.7455712585592779
1.4790360612581184,0.7455666290470871
1.5213240775449224,0.7454730660948693
1.5534861795237636,0.74625955055585
1.4130549012371942,0.7501960557028222
1.3931082775137855,0.723098787576981
1.4461217870470255,0.739173118533232
1.5241519356588604,0.7488287084017842
1.5334606321481714,0.7397184224239226
1.4469597442214417,0.7566210783546679
1.4927789865348033,0.7497986674408584
1.4037275560829154,0.7507538457231249
1.5287121105189296,0.763109462812413
1.500654082376985,0.744666855086166
1.4738272357421311,0.7454217777031837
1.4606537251016187,0.7633877919325931
1.5394642648452925,0.7429581118916804
1.4604430632322931,0.7475412539898185
1.3713238840968556,0.7477320961410492
1.4642024308605186,0.7446337748513814
1.5042932093526367,0.7635173245075559
1.4380388548325298,0.732110847329771
1.4565264949102192,0.7197216335279604
1.4771281716307707,0.7610122825766026
1.4778328428027632,0.715651786712322
1.4080296727968562,0.7488539943837063
1.490768901261042,0.7224408247890652
1.4562389482577456,0.7493630953850953
1.5268966039939789,0.7415172462450755
1.4445843693775373,0.7421281156598258
1.4927925378455886,0.7698837108832575
1.4980277119871686,0.7388668949360403
1.4453744552958312,0.776437798440457
1.5357696259107543,0.7178762766990433
1.4339145863798588,0.7736711872670561
1.5074556881560943,0.7439290370396915
1.4756413091730582,0.7494259959182846
1.5611076469889564,0.7460728707301651
1.5707416725684615,0.7513656476004573
1.4250840537955711,0.7506578463560195
1.4870089752344249,0.7558712989071532
1.4472806352435335,0.792310537879617
1.4448049010411568,0.7147733233676162
1.5036952917628372,0.7626387186016297
1.5317605385313802,0.7265988584036642
1.478711001986777,0.7656794812968637
1.5015565366211912,0.7676181208986615
1.4681945966171202,0.7434077675698583
1.4501311913879835,0.739909030527562
1.5188056991080923,0.739049318659056
1.4923658055568476,0.7558851506746302
1.4108620381173316,0.736132280381963
1.4892671531821,0.7516435838032492
1.521609305062497,0.766696326817987
1.4693549641694543,0.6883777976243438
1.464873903628543,0.736082053778675
1.4192334171923287,0.7395542915760427
1.434195304460779,0.753197803818295
1.4028422320731972,0.7458275320489701
1.469444715342757,0.7379895434139918
1.482073728177434,0.7434804993721612
1.4339269575900317,0.7304062053218343
1.3796234543254637,0.7366071727943102
1.5027487223780063,0.7687138634878106
1.5230723291251738,0.7483976910367317
1.548590187508329,0.7330948416642303
1.479653078212974,0.7270877676223455
1.4367711458300856,0.728097628791826
1.480999907889812,0.695186980580578
1.3931636594177341,0.7526204717034766
1.4475129812318575,0.7581909978733536
1.4272649640920942,0.7424733435826503
1.4245318251282204,0.727598885921026
1.460219863273951,0.7323275245944135
1.4741852020093458,0.7227052811017287
1.5417695696847105,0.7441520544337723
1.49125118950582,0.7643832942030495
1.3748478231854444,0.7396655096703608
1.4696767387113139,0.7795304634578041
1.431780669472775,0.736011295359337
1.4368304225986572,0.7280008680969818
1.491792818817349,0.779383670661639
1.455425224000916,0.7361859700328754
1.4863277160311708,0.7529987629672773
1.4867575619639848,0.7408940028288826
1.5235662898745406,0.7173032201544551
1.4391014185567588,0.747274386173491
1.4873415688230243,0.713063384790701
1.4826321772667683,0.7459203593463513
1.4601140532895889,0.7328592475414233
1.4325278749745447,0.7587574368014982
1.4960399453838749,0.7571705566676545
1.5133036406872986,0.7377934563928272
1.4817675355996658,0.7324791159546447
1.5401933516720379,0.7578074369938634
1.5127384464676579,0.7680428215473676
1.4574367932081904,0.7129960101913142
1.512453614296239,0.7249340055912697
1.484981635215719,0.7648492782749714
1.5258231885019875,0.719266978504587
1.5072241190405875,0.73915615344271
1.4613820625730822,0.7489281811564518
1.4073051660204927,0.7404224517141454
1.4505028978146808,0.7416514507210841
1.47515984154879,0.7731242713774094
1.4642361301968712,0.7526928820035894
1.4940021801803662,0.7448981241184405
1.4897886663903654,0.7367206416911316
1.4316808607911213,0.7275898593904128
1.5056443554172552,0.7166125733569677
1.4322070370987112,0.7582855744273912
1.4548773774513262,0.740299281339138
1.4602659125620188,0.7731561404447999
1.4895462616747857,0.7818821459553881
1.4847876656126302,0.759152480020469
1.4931734043886271,0.7696159471945305
1.4635372368361559,0.761241548306588
1.4080908942515509,0.7658224396574134
1.4610352904245696,0.7281708442590663
1.4443078666681333,0.7214631376365124
1.4749084329672633,0.7221431653935101
1.4349814650804633,0.7418148500340371
1.466118062012463,0.7551767312857528
1.4857396126798372,0.7484289072434764
1.432123837658267,0.7372023928570655
1.4746407023603663,0.7600088399438872
1.4748347770544108,0.7359998348905372
5.020885366171519,10.151832288143266