0.9261807200908647,0.4281255065241125
0.9225777393752015,0.4247742111764438
0.9529980122238862,0.4524508842898803
0.9462018718346243,0.4502706260295346
0.960129697069637,0.4448360071165229
0.9443278884927626,0.408387943290907
0.8933501786343517,0.43278131880115644
0.9283500954241318,0.42723188559088554
0.967641263930471,0.4465480640269131
0.9640892608749964,0.42295502817726044
0.9240466536028946,0.43457252389366663
0.9263236501789254,0.446047268342662
0.9443861225281379,0.4319080903720883
0.869388733076186,0.41722149390941
0.957158621189914,0.43856144732548286
0.9485026578491992,0.4402339816742759
0.940833940789302,0.4433841079765231
0.9194157169270131,0.43036532994943155
0.888669946286935,0.42780367125086466
0.9439293509554457,0.4171858903216734
0.9323439728902451,0.4308439509055348
0.9066076590660364,0.4211530044897226
0.9246743175569698,0.43335962845765075
0.914598418001147,0.4516732916746765
0.9898151917584861,0.44250344875349124
0.9309452192664007,0.4143449853778028
0.9371513583469332,0.4464519443201645
0.9289518225646428,0.42459400623014804
0.9259433564585179,0.4253132018664024
0.9453407640552588,0.4347284433900989
0.943776191794136,0.42960663379440894
0.9417148333165797,0.45201429827083744
0.9338503803618442,0.4190888345518489
0.8823895965939571,0.432566706350068
0.9336428914500257,0.4417715797028653
0.9013047272832583,0.44270599133926514
0.9109036416652062,0.43884052434283954
0.9163739311883377,0.4216879516672808
0.9645554805173862,0.44079118603653417
0.9570114417480055,0.42756071520560135
0.9232033274118505,0.4300764288674615
0.9687008783029988,0.4160418479432014
0.9293053270600078,0.42054862569363644
0.9353377576733813,0.43104375239958176
0.9379011531280222,0.4244536826545573
0.9687193680550753,0.41636177596180096
0.9087058849472298,0.4187112227485697
0.923660780819503,0.4346339835309933
0.9531466523282658,0.4321332880388623
0.9521169206932256,0.42774937467697044
0.9244216036140687,0.42022272056567284
0.9326326178787632,0.42275360004522566
0.9048129054682447,0.44169014640763166
0.9546773124880436,0.42889708124141923
0.941375264608544,0.43672920920457514
0.9200869382651701,0.45992807166352795
0.9241489298268957,0.42639788826340486
0.9209852141296184,0.4265321160031293
0.8904090791601206,0.43399362926141055
0.9425386902402519,0.431963415716282
0.9176574519910744,0.4340810711367995
0.917767713065085,0.43804431666121624
0.9595835920256873,0.44424226292741686
0.9666847160545402,0.42219643900530485
0.9628697890358302,0.4439430035991979
0.9467180030995114,0.4547793668708913
0.9269540815424235,0.4441309094012376
0.9397605572255581,0.42342401520796075
0.9696059823870646,0.44761753874440874
0.9282595629709993,0.4254512311687245
0.8929325265692158,0.42929180295465064
0.9019926472696675,0.4321314457986131
0.9284679995771731,0.42482305129281983
0.9688447547526515,0.4156557352011131
0.9208282968498693,0.4428750271930821
0.982925778891878,0.4297622173454066
0.9507976843660452,0.42364213282942664
0.9299792273461843,0.41657398355465614
0.9591307260037917,0.4369817507049957
0.9728911422146254,0.4380129998434102
0.9369711346131245,0.43084431658400035
0.9244304593680952,0.4336539914195995
0.9550670935931366,0.43204579568178353
0.9095356341649371,0.4342845738637634
0.9365037859387778,0.42297565130325554
0.9263730310447718,0.436210944260367
0.9217838828176749,0.43690636439495184
0.932182059872491,0.43955996874950853
0.9364337543182101,0.4289248808826038
0.91147775259036,0.4416516912486254
0.9149910238093949,0.43323518445798215
0.927069524392494,0.4518133781014289
0.9285028900223221,0.42511107598166625
0.9316475387803494,0.424940403307101
0.9429832314067812,0.4357077566499375
0.916455290129236,0.4466504927864264
0.9774865521011669,0.43177026591264445
0.9497307862143161,0.44500860293323785
0.9481920210194241,0.43660956227614356
0.8997071102248388,0.42416505882897215
0.9988273234614625,0.431690926719421
0.9125517866383299,0.4245105569639985
0.9252545081827941,0.4164995194176876
0.9180979475689436,0.4276380783895389
0.8974414304228203,0.4339073871773896
0.9318482421802461,0.42878423340029265
0.9395040770543277,0.42913949773513965
0.9124701276777107,0.4407792216436117
0.9505028075446014,0.42025984128406835
0.9214132195151703,0.4257644838455598
0.9204689155299415,0.42251274436855196
0.9300141224956985,0.4434909921038488
0.9024502921321367,0.4197250710191784
0.9805237541648569,0.4496115409987413
0.893340058519418,0.44018837850433007
0.9362699999306914,0.41605433246505796
0.9522523749590969,0.44308424640147487
0.899747716448809,0.4303023646752831
0.9675315957482788,0.44384350867458505
0.9566585051045128,0.4427520409027731
0.9705529473438518,0.44195564519093766
0.9372037155014225,0.4484593193463025
0.9079543830109612,0.43678758384704336
0.8956669905740507,0.44704497804938903
0.9335637675980711,0.4403779238087453
0.9100337571380571,0.44150582144898143
0.9186117259727966,0.4449493493744974
0.9323946709756125,0.4248752482602312
0.9626775416922605,0.4260592551876702
0.9444099090048346,0.4391600041078185
0.9401815512519193,0.4371680894802243
0.9263706548241213,0.44273018923475665
0.9146686754311711,0.4309466449644051
0.93129173106247,0.4528371543723784
0.9465130131489976,0.4295899821221408
0.9487560135766524,0.44750353277343
0.9224704455028312,0.4301100626645489
0.9097203157764412,0.4357545993985904
0.9430370068158418,0.4426184247712389
0.8994775785372017,0.43829107188211974
0.9564789774502619,0.42920600288905947
0.9056218670824309,0.4333078117009162
0.9911840155905232,0.41979606341719705
0.9563756028409183,0.4464246828109558
0.9128118320099843,0.4259976532741284
0.9377017750696981,0.4207473265753912
0.9234266590701116,0.4240713806157932
0.9497826646409473,0.43473706002024776
0.9757835723838849,0.44079251833633193
0.9208524552211944,0.44175635849164563
0.9664253287279682,0.44714651519144893
0.9158012072662592,0.4275495924258684
0.9109803155044904,0.4360915149430297
0.8767643539265677,0.4320148673958639
0.9211472431964707,0.4279012671221797
0.9381663014804438,0.4296154271120459
0.896664475993793,0.4485934509229661
0.9259995038835535,0.4412039902905376
0.9483614867522726,0.4317901909879504
0.9084993200427551,0.43831005840956316
0.9523657939579232,0.45085406583528953
0.9042820949156971,0.42755233549324395
0.9717495231838944,0.431809897031999
0.9214517168261344,0.43265289672240276
0.9762460891986271,0.4200036920487282
0.912130264505504,0.4329515433219798
0.9127764503213602,0.4395154903654144
0.9046815592725934,0.42645216993336427
0.9480316833646454,0.4364536997502096
0.9304308176247517,0.4426486798582584
0.8858317722000777,0.43886957774938196
0.9135675186910907,0.419105342150291
0.9054813535073905,0.4378546819268541
0.8912102587556192,0.4391620275143267
0.8899778602823787,0.4391672339970805
0.9280894823901426,0.4364126721716588
0.9301112988934944,0.4350168001294324
0.9045704627907796,0.4336838202975817
0.9599357016667118,0.43684833953667934
0.8977592119849904,0.43531651640476376
0.9788147108295536,0.43703832468515214
0.9542254972637916,0.4261815855591898
0.9753845576828353,0.4462887661827857
0.9861506276997083,0.4231419958552138
0.94171673417316,0.4334616951238415
0.9368096751646641,0.4398593936805546
0.9253754572860394,0.45226457047770324
0.9123265363154084,0.43550951369634683
0.9414807545481066,0.4472958633338923
0.9663182927029917,0.41230679653599306
0.9306896396610022,0.4353288819825548
0.9486744523427072,0.4476005164995186
0.9175471466541207,0.44072095136417033
0.9305475944419025,0.4415237663189971
0.9004541916824778,0.43521487512470564
0.9116977544409297,0.4533116876252867
0.9203538164715755,0.44380767401114957
0.9128728355517289,0.44661476336206285
0.9245692816268575,0.4409391831159283
0.8979625341645259,0.4293204190380021
0.981782215502514,0.4165217134544062
0.9227129138983026,0.44410332717012385
0.9191107398298758,0.42715696351912164
0.9448708697672731,0.4232560027130629
0.9535067890882347,0.4391559394759907
0.9094627085845788,0.42476237076554796
0.9388673276362455,0.44880464553446525
0.9628313042390013,0.4456897310135014
0.9568979186369392,0.4414604351521829
0.9158337398620928,0.4120275130584715
0.9523160344193095,0.43216546081172863
0.9321491354338755,0.4352453607686885
0.9251833498462955,0.4350983152808365
0.9019172374321921,0.42804881280796003
0.933542924678495,0.43124745130826125
0.9536312345999316,0.4166438222354511
0.9606391731347678,0.44082045013536303
0.9243796523858042,0.44181708621847915
0.9282423910665355,0.4421172993250468
0.9655558988741362,0.43807930329474376
0.9280049511606008,0.4387333154631442
0.9137908425385488,0.4294685527085194
0.9521866622719505,0.4223032469133025
0.9671396462315269,0.4336455479769003
0.9013676686150174,0.4428981243381442
0.9719670135069682,0.45434632178192497
0.9781758480381029,0.4312398965926114
0.9247163773538087,0.43061701593002333
0.9268829609510408,0.4521713972623439
0.9308626721074316,0.44105326480841833
0.9296967860500176,0.4173867763823031
0.9380237833126759,0.4308787681816502
0.9654047572186288,0.4399790619518495
0.946695664249906,0.4288177458424304
0.9184238872027104,0.43848096316346935
0.9645427684282726,0.4361951815861
0.9053321228306669,0.440038571236226
0.9042346160725707,0.42920038389071546
0.9407993638845464,0.43668292175415985
0.9615022370053213,0.44234360500089487
0.8751079487728162,0.4309910949107286
0.9164108662236147,0.41166905851906377
0.9320627619201476,0.4507035931296573
0.9577696126387718,0.4311897346145567
0.9462223184929568,0.45964130335843345
0.9445581824903247,0.4217159981807361
0.9149306520297513,0.4337874195664138
0.912936634734306,0.4367094058294236
0.9322783990851601,0.42382183947467134
0.9509156024683413,0.435072020149267
0.9452316195921413,0.4388634205176401
0.8923870568928656,0.4490054245914721
0.9549765212184871,0.4450980324478088
0.8961522615628208,0.4540019800797493
0.9527916563755477,0.43299497321723873
0.9492298845434857,0.45331107368112994
0.9877122834810927,0.4330114660400181
0.9264448816108685,0.4292563731257106
0.9202244191936569,0.43352722960136447
0.9315109563339318,0.4499763984949655
0.8950214238573819,0.41070034712847703
0.9369376576147508,0.4291014233198596
0.9331225853604329,0.44176225369293426
0.9314785734832071,0.4346376994077368
0.9016735897591055,0.4462020865809931
0.9317663105744711,0.42958237002662897
0.9153781205805172,0.4391110794738668
0.9495348395822125,0.4497808852513043
0.9085530615742995,0.42635151274563626
0.9303329572501011,0.43004543963750874
0.9611888402825022,0.42485755888198873
0.933236212837228,0.4175047162015123
0.9016508230690528,0.4344903679660002
0.9474685200511794,0.4190152287439192
0.9268916478282716,0.43678410102074816
0.9194892962490223,0.45327120956050804
0.9225957867142173,0.4280810375793068
0.889910931540695,0.4480443614980498
0.9093992127468399,0.41570802051723477
0.9475092446955492,0.4304181587002371
0.9262472947836179,0.42803621161390615
0.920559328784908,0.42894573116215856
0.8994540977207763,0.4474770964420052
0.9041015273875064,0.43777611820344553
0.9118206509537589,0.43301120443479085
0.9823796470529541,0.44325012794849145
0.9557982206326547,0.43087527477696325
0.9266900528521149,0.4387482023213885
0.8809344059029736,0.42977274134175886
0.912989452184092,0.4156523918984163
0.935940945682189,0.4196892151563931
0.9528124830188941,0.42632566280688083
0.934955915978182,0.44062521991299025
0.8993193865690159,0.44262998372935014
0.8733353087571083,0.44156800129277973
0.924116909584571,0.44038037421952436
0.9136306408559752,0.4256257080504208
0.9306390211576092,0.42211321213275416
0.9374319079311261,0.43359938541366294
0.9645644654000063,0.4236884701558392
0.9253287802362378,0.4308075412610322
0.9899364610997838,0.4168095935115349
0.955795165462978,0.4279925856108972
0.9774105887015204,0.44842669089983256
0.9062419829185807,0.43553985794395134
0.9580639474315955,0.4409951445636462
0.9677677598682454,0.43446442390832174
0.9365034552032714,0.4321831517477486
0.8700187194686049,0.4409290545821822
0.8917170771853246,0.4289496494203871
0.8877970365529168,0.4317474106174616
0.9181250528003783,0.4126053850662237
0.9266906136621935,0.44300662746677544
0.963750698458755,0.4305768226225456
0.9231173413665353,0.43808792233785193
0.9175842867842293,0.43350887433868934
0.9358810970147843,0.4245613420917755
0.96763583246903,0.44612280978880126
0.908443859363406,0.43262200587210314
0.9616487621607182,0.45126137662504656
0.9498039102877233,0.43198325151561967
0.944113581480189,0.4513234728824845
0.9151665259342384,0.4482585644225187
0.9466131851869499,0.43526702270266077
0.9257312755229407,0.43026436720919226
0.9080555934288531,0.45870189235632725
0.8973061854670851,0.41324931925206526
0.942323537228186,0.4355147461186667
0.9309139499775418,0.44649452149175073
0.9275329458021818,0.4320401682287179
0.9821010867868151,0.4485348619312481
0.8731604690944702,0.44315508357142613
0.9426140374524828,0.4251021820745273
0.9345339589217937,0.44148218108480486
0.9273584574203084,0.4330839972981518
0.923866360038427,0.4409442006150871
0.9341466103716305,0.4311021976572817
0.9428640017129523,0.4199410950842976
0.9461070218568708,0.44526418242202875
0.9349991054634399,0.4473970820641528
0.9785273811129616,0.4420288938751679
0.9287438404906476,0.4434184601765428
0.9601979967471783,0.44457270669310656
0.9526672048562743,0.43628763474724647
0.9260138944078008,0.43277942639362493
0.9054171338668493,0.4401076840218171
0.9366395810834034,0.42631378512985146
0.90792660480955,0.4456817733592939
0.9414742586929705,0.43635263518921114
0.9589921029308857,0.443454500277903
0.9336891722215132,0.4415071534090834
0.9464388230988234,0.4418901500052662
0.9144757134719299,0.43279802018508146
0.9596683306759051,0.4298650251007126
0.9283238196925788,0.44718595841330433
0.9318741612242684,0.41933895695358303
0.9070292250938414,0.4506570412313685
0.9291252393710167,0.4186359088487347
0.929051269670428,0.42955202519948044
0.9179679911643274,0.435038405521584
0.925354177066125,0.4370942894000803
0.9212992178099761,0.4299930872569496
0.9222006237556466,0.4176299486270662
0.9362953879586491,0.4484432860851813
0.8942456345433631,0.4416483470270067
0.9106904725535422,0.42510157341353183
0.9164435638899541,0.44747405620575587
0.9419606996026204,0.45403927470346644
0.9285325063703657,0.41639128332713593
0.9000216674412382,0.4274200141153755
0.9611116201555038,0.42434208115893646
0.9292330010529934,0.42342131116070136
0.9661065897351568,0.4315170063060411
0.9052935439030696,0.45705385407100557
0.9534876258617471,0.42280841600695446
0.9742996947968238,0.4420218647816277
0.9500116912500487,0.4452634240926555
0.9119338332663293,0.44135785913933784
0.9586808141555513,0.4273072792308244
0.9368199299256201,0.43705037942397407
0.9375374876319867,0.44275542092481424
0.9249820514086143,0.43729415524933263
0.9488672463327831,0.43529331241102054
0.9772837411880292,0.43475991092335653
0.9141883600737115,0.42811736150856633
0.9354898680802639,0.44123497019068375
0.8522465237772198,0.4279765045830418
0.9814837094215297,0.4372459132713996
0.9134608801925849,0.44692166648343673
0.9441872716912384,0.43627562139450565
0.9749710830515451,0.4133767144660114
0.8999424966822331,0.43516570636066815
0.8867528341199087,0.4481777623006217
0.9156217713278234,0.43132694582420283
0.9476956054680326,0.4294254096750171
0.9324704657631242,0.426251734093223
0.947261762543055,0.4303771619707346
0.8922003115384758,0.4589580394745196
0.9565307433618668,0.4249217256720767
0.9618355302728524,0.43945185966562633
0.9191786344985011,0.42997988009442545
0.9325473430327699,0.43868818850624725
0.9215196819451664,0.43415558249310976
0.9468016524483577,0.455207185508018
0.9132454562318454,0.45073323972231316
0.9182794944649242,0.4305425619563008
0.9650783306692383,0.4311657038497191
0.9251073999885857,0.41505533908313763
0.9358026986420296,0.44065129425348437
0.9737833322661349,0.44828078645034836
0.9071794354569801,0.4596533937070104
0.9416942960492741,0.44713405677235085
0.9588663302362284,0.42044590541509314
0.900340554188296,0.4558939555453284
0.9278499039325061,0.4363805190925939
0.9372648374058575,0.420489022839913
0.8943172936316041,0.4299843479058633
0.94255476819673,0.4228695712001428
0.9187711668487432,0.4492725662599151
0.9482120748595336,0.4288581289094583
0.9467247055623799,0.44259512393172123
0.9070073979107081,0.4488411453841574
0.9213548870254039,0.44578253100145515
0.9036325494314656,0.4565457677991972
0.9479629710169267,0.43221581471666937
0.9164417695789591,0.4244232242486209
0.9718908228252267,0.4285185366526805
0.8912865071609007,0.42502835108198395
0.9534879565618819,0.4347212672324443
0.9322881680947087,0.4235048687649328
0.9379421057487572,0.4295699683423326
0.966376853986674,0.4377751122126038
0.9459024843863025,0.4413279681482845
0.9065636913368559,0.4552839100218466
0.9234950697365184,0.4335269466076903
0.9770419715814456,0.42620071807951876
0.9628516406654185,0.44804210809279693
0.9654686906655161,0.436613793404931
0.964171267837727,0.41654931944791257
0.938224844837128,0.4367724978092591
0.9296245545876758,0.44078226304564316
0.9387505316119255,0.4184039268745705
0.9030069942073824,0.42865417554809804
0.9093130859260217,0.44777341941943766
0.9045664657397582,0.4435642828579877
0.9470345863340338,0.43817313728084395
0.906117087176472,0.4387466808363446
0.9190176946342667,0.4346517449916302
0.9310530906565009,0.44269453900924466
0.9222664931299249,0.43392747102062434
0.8918498492814523,0.438801394000138
0.9244367453870084,0.43506661267862695
0.9421015576359609,0.44285183057841715
0.9760257229017385,0.4280310101928026
0.952608381174731,0.4415630261028277
0.918136988338904,0.42682781157561084
0.8962111468342483,0.4346392202034084
0.9520405395708228,0.42151497596773085
0.8763704848775953,0.44090849502132956
0.9421290655683356,0.4306601533684861
0.960692543838375,0.41434126950105926
0.9682384147024767,0.4323470023547075
0.9081521122204874,0.4377584209515782
0.9685798348123145,0.42430712012130345
0.9349869537921418,0.4233130817215538
0.9175986726517034,0.4592659243544233
0.9239865464418605,0.42820376955184486
0.9498552143456415,0.4423573998240998
0.9431396015128805,0.4379727086858125
0.8922432198256943,0.4401804253451456
0.9203705021242085,0.4554594335750161
0.930289949935547,0.41515037709687025
0.8987809144225428,0.43620707902345424
0.9565303947701242,0.431261944844017
0.8999953483258502,0.4326726001328101
0.924033891312172,0.436547129180284
0.9397725712149558,0.4468283586829018
0.9605069924528729,0.4288737009903328
0.9449034219233468,0.4428567442842244
0.9175721323310602,0.4244215905737882
0.9284785863862238,0.4489084770278269
0.942839842931363,0.41549783716087274
0.997370697121043,0.4343542312885174
0.9222757753699208,0.4303361377517726
0.9050837829371381,0.45219188331477167
0.9116000581693209,0.44869384557758474
0.9580883548815218,0.4243110405763624
0.8788791983717789,0.43029886940050355
0.9420131582973899,0.4424413375032353
0.8817783034918775,0.44528207227434813
0.9378168667938431,0.43955833253490495
0.9207218121051711,0.4387585803972541
0.9554174958736215,0.4152319882869904
0.9696342637840708,0.4283653078911717
0.96124613780118,0.45187778089766645
0.9086200909156056,0.430119663134549
0.9117644001981449,0.4366256659405418
0.9028632244742002,0.45005190856523053
0.9256196323826522,0.41604392147969865
0.9552364500088322,0.4450686328162146
0.9196481824963985,0.4503244595183365
0.9408685731299564,0.43852383753808255
0.8759467059139908,0.4534200770205111
0.9296066603549961,0.43264810033410495
0.9220738276234405,0.4427442164370724
0.8947715405077267,0.43178254860578463
0.9652289403045548,0.4413959002947996
0.9479401756875648,0.43294431102928516
0.9642608618302375,0.4338291030461964
0.9044399402256418,0.43080979077520093
0.9369461665109958,0.45247258392103895
0.9374363469453743,0.4392020454580704
0.9085180546683288,0.4283429041170391
0.9755108449246994,0.4421912102632857
0.9741143674132313,0.42963252796096907
0.932035387845527,0.4348076466659105
0.8987531619031449,0.4454486831436121
0.9732869023175511,0.43566204068653575
0.9416458472976759,0.43728438849519174
0.931909355512981,0.4162256805950485
0.9560675004455903,0.44461618291961313
0.940665992186799,0.43461768954625407
0.9363268748001664,0.4371900283444234
0.9435061387868781,0.43618297500878495
0.9351679163047204,0.419081094160311
0.9820457294803588,0.42496771302702285
0.8736734823624761,0.42979917683696645
0.9562584301223843,0.4305619050545622
0.9351912916577758,0.4369200837410658
0.9516117130908309,0.4345851393923514
0.9382502611584339,0.4487611915689665
0.9148793002194544,0.4438056133915174
0.8853797699689568,0.43680143690447476
0.9266075212232547,0.4523451861591185
0.9809373594314561,0.44435850419131545
0.9314290567976576,0.43557254295800685
0.945212554581297,0.42697220519186735
0.9102393062852988,0.4356459751519994
0.9177133968285598,0.43352774044281833
0.9256553133690568,0.42860832685120565
0.9208940717613927,0.4181333481597571
0.9119206188938002,0.42179322249066525
0.9308319181096603,0.4421796703705146
0.9026287273323819,0.44153161720699957
0.9176589566686059,0.42406174146061526
0.977222920678755,0.4298533856812233
0.900965903040176,0.4442677683813701
0.9124995453933313,0.4522971853779118
0.957100873296846,0.4330634233048633
0.9076463915950482,0.4295107182951266
0.9577535657483288,0.44229981716044314
0.9576720971571153,0.42382689323246214
0.9457956572639249,0.4504410093444547
0.9031908915922103,0.43936428523182713
0.9149034495732496,0.4481478244478757
0.9741591216213654,0.41311907704612505
0.9562803500894291,0.435120572419101
0.8956465741766464,0.44201048198293974
0.9151380843795848,0.4379997533953662
0.9560394188441176,0.439108828168389
0.9260254856070271,0.4584709722723066
0.9445403033273616,0.44753404796465673
0.9382818843379903,0.45121701986262297
0.9663984389840045,0.4465701240222041
0.9345637700159468,0.42667711363291455
0.9055017382740524,0.4374029488878024
0.928736796057778,0.42657401396087063
0.943692890361131,0.44445643653410166
0.9477258288783639,0.43150397037661437
0.9280740291896903,0.42229057809389026
0.9078950247362515,0.445627472243616
0.9645019481764843,0.4481990198071109
0.9292531489490853,0.4221592635335668
0.9212411798210525,0.44035377094356315
0.9517561337627708,0.4455100218753741
0.9090278701240144,0.45075071243896964
0.8932970307055955,0.4261183676847523
0.9378186708408267,0.4365683339206112
0.9778305367202216,0.44012529078617224
0.9675052766328909,0.42765288384435396
0.9235712307568832,0.43671664907918417
0.8871214079232109,0.4165747542380483
0.9170235942684444,0.45115582623889294
0.9067950962849597,0.41922950848301005
0.893989360151603,0.4296582487538432
0.9905269250053339,0.4322689212887188
0.9061573259665966,0.4471930007468812
0.9381607749198037,0.4221688750549971
0.9311103121303584,0.43496833633290566
0.9338030770538683,0.43998782030956257
0.907412734181751,0.4279870225891292
0.9081814146743902,0.4243135715686533
0.9135326734562551,0.44263942537184797
0.9476578564349615,0.43853928788109015
0.9076888595499443,0.4223199188671432
0.9195964321747596,0.4303353665553963
0.906913098520978,0.43701039394517577
0.9376577667091714,0.4310392249129768
0.8963666855375969,0.4263433493835733
0.9680439344621424,0.42921840545358697
0.9128543803030366,0.43353772126059464
0.9103093940426862,0.4232109831025162
0.8937552364878927,0.4242586673177697
0.9762910783618867,0.4253120331998945
0.942529389260007,0.44039711502970597
0.9139533700367715,0.4217792568033252
0.9180974823798118,0.43451246842105185
0.969463888128182,0.43026775040227305
0.9486718520060109,0.45863679996824547
0.9401010040137198,0.4315334996306074
0.9380772709570797,0.40800041051769914
0.890977796649597,0.4322632798966042
0.9382970197407267,0.4414723600401159
0.906925452399929,0.4386122928946593
0.9101758229660601,0.4285006207531411
0.9073306344604815,0.4446655831882969
0.9238253687799121,0.42942013740869583
0.8910182998144718,0.43765487202494685
0.946340935373863,0.44816618883544534
0.9882647474895504,0.44265778277794404
0.9098763719999983,0.4433974263799205
0.9026902425595996,0.4422532423023288
0.9301629898586975,0.43140773811342015
0.8741704681173311,0.4337910556854366
0.9016403362058414,0.42532235334159163
0.9288173646643956,0.4448647457865189
0.9134091101051242,0.4378108786460375
0.9594066720566254,0.44008980971125666
0.9520290867962035,0.4334314509828363
0.9477345853383864,0.42117092081193963
0.9169624045483328,0.44207877909420723
0.9680668331179897,0.4469958785636985
0.9664695477111538,0.4223708321783651
0.9103280472984486,0.4217749143034327
0.9647129532294584,0.434060962774907
0.8871750475697967,0.4444213555377413
0.9468706859944533,0.44602410960497274
0.8984418593783983,0.4292130833570449
0.95580896868978,0.43827408080531965
0.915010506327768,0.42879112951547704
0.9077401092148009,0.4460474306089873
0.9376608383330328,0.4406809344538703
0.9397142365616977,0.43658383552004587
0.9301059845573795,0.4408861174581528
0.9424717988770133,0.4288990309438483
0.9586082988197129,0.44711972457871374
0.9258430484880155,0.4408348777723904
0.9541483438586026,0.43511946363254816
0.9358991413633578,0.44507057923032567
0.921316870234385,0.43900210606757817
0.930898253679086,0.4401475857024261
0.9104234265377393,0.42691869527304444
0.9233984052039886,0.44337493273693274
0.9564259707358973,0.41899304147717936
0.9312074933552202,0.4501652499645686
0.8722077249738032,0.44655062233920056
0.9494694339125167,0.42870940157310433
0.9335488580942766,0.4127372032684449
0.9254537492186449,0.43676311740803087
0.8929337571527901,0.4275092089361629
0.9251493232037253,0.4457753130715951
0.9295182232423922,0.44428521395862886
0.9645111946240498,0.4320838642849755
0.9121257897596357,0.4397919822818585
0.9487862138150923,0.4282116498000071
0.8986198659260799,0.42879869829853967
0.9254679404170053,0.44075282679051303
0.8904030456967919,0.4399428400119157
0.9373009381982477,0.42252267043572955
0.9110362212108657,0.446613944276295
0.9610290909123762,0.42870116331988106
0.9402440411623334,0.4400429981511264
0.905519029677292,0.4416026140263067
0.9889095382976519,0.44298650064235945
0.8880884707546924,0.4384702529940546
0.9038419712869029,0.4502652373767103
0.8959877471952991,0.4344080695322979
0.9261231245334138,0.4461313590828363
0.9110260246054191,0.42876998414871825
0.9162454302772627,0.415646073045101
0.9351914016936617,0.42447107685737046
0.9437724191345273,0.4518485105446041
0.8959725649911929,0.4257240158306032
0.9343597316528375,0.44312079689272604
0.9054759239770704,0.44323319575857484
0.9796536550448075,0.4376071092837718
0.9272324353978939,0.43840609762528965
0.9704908144093607,0.45044091055831514
0.9447053346626474,0.4290617427354772
0.9400004148642812,0.437978335293523
0.9489995587792113,0.42643561010243874
0.9332533770369826,0.4400185901427179
0.9604346756106198,0.440101630957562
0.9400050143651949,0.4244462152094596
0.8840512840056715,0.42698728631666477
0.9399099719442219,0.42185546397446694
0.9031833079693251,0.44548765275003316
0.9188349092283301,0.456063646856574
0.9276975643121819,0.4479643798355675
0.9293388343207907,0.44576938090984675
0.9468467152496611,0.44193958546994677
0.9329795163235501,0.42934437241308215
1.0182690833994767,0.4398311380676008
0.9283967112257399,0.44597654679253124
0.9094376162312263,0.44340491552031636
0.9248715291180926,0.45242479887432474
0.9043354583803389,0.4583108812836385
0.9974195244269235,0.43718367132128017
0.9641348628161102,0.4215113859651026
0.9451007678154048,0.43096649920061525
0.9661177376061506,0.4457546354741116
0.9530881589025106,0.4257425367394843
0.9423995509927315,0.44842199698794144
0.9383166929224543,0.4396663325486424
0.9191361262304972,0.423789148670684
0.9395043339695872,0.4323851218802619
0.9509118485834382,0.4500480758821014
0.9638275298638485,0.42147436415957756
0.8954782884397513,0.43675637875899004
0.9277509873574116,0.44158474026064415
0.9306353425830074,0.44872106573654086
0.9369600956216358,0.4316758649712386
0.9077478769372069,0.4362942595871807
0.932869696773015,0.44759281542654755
0.9174201676830817,0.4340897923340199
0.9176190031593284,0.43811944430641026
0.9412631696808028,0.45633901869099885
0.9311570074818283,0.433683366931794
0.9187021980959484,0.4397277370353934
0.8948596598423357,0.4355720750279029
0.9639660554016746,0.43533963086363264
0.9182019064092283,0.4470921907846507
0.9258189899807041,0.41935924589648077
0.8990169235781938,0.44451133785531705
0.9919004029114471,0.44565024816673804
0.941658955029574,0.4355954162685156
0.9521882500436429,0.43792712422523294
0.9282973989025491,0.431439965910151
0.9149101505651547,0.4344564780317402
0.9224621793621716,0.4441640969472352
0.9494138253012541,0.4452217190685146
0.9341187038993286,0.42479805578008833
0.9674202600257454,0.442074108810789
0.9082043923748773,0.4227303840396775
0.9676364585934772,0.431567397969169
0.9124359123584759,0.43394962769779294
0.9931347850008594,0.4483989140781446
0.9386358719143986,0.4271653862516274
0.9583662160015098,0.43597233908858046
0.9369135094505476,0.4492798592266707
0.9203436550386278,0.4288693919905567
0.9271646343754156,0.41355417871863687
0.9376000094119573,0.4377897999452264
0.9330383145950415,0.41874316746935125
0.895592073340291,0.4360877183574758
0.9421817239738753,0.43901667393297283
0.9257512759265958,0.40593622236019483
0.9413074912453585,0.44587773323202917
0.9306333678221606,0.4311209640574242
0.8937027349531415,0.44775723292367114
0.9057883796569358,0.43456896874083384
0.9730328038467062,0.436833185659764
0.933201064531317,0.43546724001393516
0.891364390730935,0.42944317990847447
0.9120974788529216,0.4402608709073604
0.9330088644202887,0.4423469351352801
0.8938489565453602,0.42552525398033236
0.9490913155576334,0.4309753662091727
0.9349577398039731,0.4165777950340927
0.9619440499052491,0.4292737437091847
0.937267833382998,0.4321557203666435
0.9324664752168071,0.4385046347927874
0.9519456089992485,0.4140449433865034
0.9048826328014422,0.4383109389406804
0.9101941919609472,0.4217507048651784
0.93084812175012,0.43319858367552877
0.9273502085482364,0.4167116931637204
0.9325313769143628,0.4473652709080676
0.9053583085570241,0.41475823666376654
0.9506430130766693,0.46523159841274137
0.9543630845077099,0.43335395980785074
0.9116002937016289,0.43472632690172747
0.9819119330482323,0.4400648409189111
0.8978118960214538,0.4434465491723739
0.950591625071716,0.4330638449738972
0.9476571081570686,0.4365478908944152
0.960681427110916,0.42015904330688175
0.9134182584567184,0.4279076951005363
0.9026153163484181,0.42770277727347183
0.8994845703782316,0.43627182771804907
0.9008578283022859,0.44047593325123713
0.9316310910372717,0.4333513851595664
0.9161279975777986,0.4384243105581105
0.9312953774145161,0.4310120205155198
0.9564310878948143,0.41337298079231477
0.9187474399045951,0.4433618366075463
0.9335344254098528,0.42457877559975626
0.8908913335325592,0.4539307904219209
0.9501234474539835,0.43229934448520324
0.9365535206612248,0.4259547833844878
0.9571710135090318,0.460896827715343
0.9174396512393248,0.44197652048042857
0.96523597159239,0.43701883916722234
0.9305421482106196,0.43714355440237135
0.8979812615020623,0.4470194777574267
0.9051958057247259,0.41055936676456195
0.9413543296845077,0.44025608317500137
0.9192365391111132,0.44320112154412833
0.9665452946301454,0.4375665898759026
0.968964647546008,0.4332981662627397
0.9448466144774413,0.4147335496719844
0.947094003502713,0.43469010230907157
0.8989896470005558,0.42479717154431196
0.9371169180507692,0.41692825247910953
0.9121569601792109,0.4419773129769821
0.9518638725392354,0.43022912147628944
0.9086226575672572,0.43693640583331855
0.9307247554120942,0.4436181799479073
0.9174035270920814,0.43542583621475167
0.9435347325103567,0.439765015027336
0.9090940643095088,0.4330826230070952
0.909487608615134,0.4156279800898319
0.9938565792296752,0.42909119886080094
0.9346288299537,0.43644477896091677
0.8946895963654994,0.4391304211524429
0.9316792476837092,0.41915651851239816
0.9039248119357433,0.4449280133605465
0.9090548152090744,0.4354506456601612
0.9667743150171594,0.4382027200570061
0.9450598198622907,0.43162724607682473
0.9945680553981981,0.44054731228840266
0.9673667419311957,0.45778828844141184
0.9641612154398842,0.4516984977031794
0.9289933353481393,0.4380600397321546
0.9776223515703656,0.4390153872914627
0.9664034670639936,0.4181213476383878
0.926104833520813,0.4336589540921261
0.9305469221404856,0.42875812328891605
0.9399754606203214,0.4368731037454942
0.9199707463841242,0.4060842628546399
0.8910125645512224,0.415668193121468
0.9323591814588766,0.4202655265694509
0.9929579925226064,0.41473838081740666
0.9414038598250198,0.4393363192936472
0.9288883148801507,0.41864378835238536
0.9561781938887457,0.443408753364026
0.9561432893218679,0.4244898627074301
0.9352468448682866,0.443206323768337
0.9483804465936331,0.42491090008646326
0.9096157448938639,0.4495043670557606
0.9626786940369715,0.43584629541670833
0.9093578029656945,0.44851301938985133
0.9488088584622852,0.42867221653784304
0.9770440420880656,0.443711663949444
0.9678098594462599,0.4271316472297698
0.9232769915006492,0.44838195432538147
0.9462991365244339,0.4319411248509386
0.9410835314006946,0.45618653940748666
0.9230584274814894,0.42715226956164687
0.8915178785319288,0.4467469351680566
0.9086886351076429,0.4441254887730833
0.9523446912323402,0.45364498380172463
0.9954196785007275,0.4244283383877173
0.9537249517839119,0.4287832630343471
0.9536999015321866,0.44615972151541594
0.9097778383695464,0.4476436122170201
0.9415866897170483,0.4286084210359118
0.9598814184422447,0.42185622446274523
0.919304955001939,0.4356253645336087
0.904922975803331,0.44489447975784746
0.9418626339816873,0.41016644132294533
0.9508385653290219,0.43348125998676307
0.8882470910123584,0.4242276313910139
0.8958282286524654,0.4147315021128899
0.9722125757006836,0.44647610442699504
0.8791582374054238,0.4223955510429621
0.9569973749251122,0.4308332183802549
0.9289230862092783,0.4284431482557567
0.9005215536730914,0.42720986557252644
0.955018071574243,0.452814375313162
0.9222722964962918,0.4324963621256035
0.9548440747763497,0.4313734599251943
0.9103003657821244,0.4273641859600745
0.9261836703265409,0.45178298330012573
0.9452874793820317,0.4363713353721387
0.9533447386797324,0.4479205846819714
0.9430776475832595,0.43347065765017656
0.9551294920366986,0.4346638650473153
0.9163768687604859,0.44073638640123114
0.9346365191225006,0.4355505450541263
0.95455809165486,0.4246570141372265
0.9397263237992548,0.4532536865931087
0.9217483291801813,0.4200571464706985
0.9412337436093715,0.4542096091475631
0.91659002689627,0.42705323191154554
0.9768753760597957,0.426005283401255
0.9342712862064015,0.42846289313735636
0.9737924281524253,0.41880423304623826
0.9256123507672989,0.4332407801030608
0.8868313247447621,0.42854136257723674
0.9304934098480142,0.44580901518917126
0.9052175941965543,0.43991605791760136
0.8863239142552437,0.430412203125322
0.972853956519452,0.4430883345384841
0.9398549193168501,0.4324783461772011
0.9370748266378364,0.44760542169921747
0.9365988533304314,0.4297458061156102
0.9381059241311192,0.41999249426269497
0.9466657357491532,0.4371696244363584
0.9663098801974096,0.4371472919820363
0.8990922373223508,0.42366340096485267
0.9183728833194844,0.430239287918613
0.9611661175816288,0.451689847337303
0.9522752799639029,0.44943595417640747
0.925692534317893,0.4308516515508487
0.9772231006441888,0.43835525231416517
0.9219353612037678,0.4321021774088034
0.9113747300737989,0.418251267851326
0.937336092347858,0.4320480947539078
0.9404719361536966,0.43722960709589387
0.9382885147855924,0.43895264727287503
0.9446109769684227,0.4381525952803112
0.8962041609296966,0.4255361109036044
0.9485427776407548,0.45243171631625895
0.9109478042498993,0.4284126587146775
0.9132926145560774,0.4378235788983859
0.8951134390949054,0.4444346749511728
0.947932316150498,0.4331978690799792
0.9004054530170403,0.44258004353327507
0.9565687573065274,0.4098024483037893
0.9212469710024919,0.44880069091682945
0.9360556545274897,0.43174983808695017
0.9370394506258674,0.43906399426166887
0.9165008292927167,0.41907088915714735
0.9517697525608526,0.44172058747164605
0.9117128239591488,0.42922420178227283
0.8943508909171735,0.4421960144884566
0.935968438321821,0.42169507299862263
0.8814502361591136,0.4495118081267948
0.9287876411834594,0.43730366318799246
0.9631629709747084,0.44192601934150444
0.885214861744035,0.44210507596941945
0.934007989498082,0.4331380689740498
0.9155359202707987,0.43600704585820726
0.9793286062278576,0.4424129456628076
0.9584449517845827,0.4283273218660866
0.9190490330035352,0.4460693498077033
0.8774269572212058,0.4291970625352232
0.9144225373677768,0.427056955615806
0.9328700536692283,0.43163457788521226
0.9298513795402549,0.434589609929528
0.9281224276895692,0.41657748417790424
0.9724140690196347,0.41126270006318016
0.8836083239252503,0.41610413854191464
0.962689871299902,0.4376395923795915
0.9304032124598726,0.4275725814679757
0.9015340763962617,0.4426550869479839
0.9259558103838414,0.43914706335884357
0.9387300074085709,0.4426732584258715
0.948693199173393,0.4419912934965304
0.9558924916010532,0.44221650790819395
0.9402366445058696,0.4455921565566307
0.9757648304528115,0.42633698223421007
0.8943105474722199,0.44862909284754987
0.9472281929926519,0.41693335183603586
0.9356625797003588,0.43546503925476854
0.9613812895594052,0.4280178270025619
0.9156626200395861,0.430293107721306
0.9054028223320066,0.44390197533873027
0.9263285978005892,0.4418603601620588
0.8981632344218579,0.44167041474624213
0.9716419600580406,0.4357658571081679
0.8920148140355952,0.45245948210119263
0.9180698660937011,0.4358729429811311
0.8855597228454355,0.44179075691783404
0.9443876401065943,0.4461746522390899
0.9261728517948645,0.45259732411509995
0.9155060447478036,0.43430652586808144
0.9056793137188341,0.44410468265055425
0.9065965899324295,0.4145206681087743
0.9531729749778267,0.44017070150303617
0.9744467393490842,0.42179479745808307
0.9451021859339458,0.44063436590425487
0.9749265350587191,0.4248536045280595
0.9101383596674342,0.42140123881209673
0.9104368050945678,0.4264451264204983
0.9225651049781185,0.4165246198827762
0.9439004149034892,0.43069390298253246
0.8926573846207976,0.4302201537486596
0.91152390259556,0.45276576658073836
0.9028900541897146,0.43940314208804926
0.9412175569316521,0.43658846796148526
0.9339443083511033,0.4152840729641012
0.9335912354110896,0.4434771545934364
0.9375281787331277,0.44353878011509135
0.9100067027404156,0.43096137366282833
0.9335742000349977,0.4347648247433666
0.9606341190656573,0.43069369422270976
0.9082223905799668,0.4296564528399626
5.00979019354156,10.460854019412087