0.4633947647975554,0.2530365747215356
0.3937450304520993,0.2227384189392146
0.46729312762760367,0.23048500498491986
0.40640737681211997,0.27889519026370796
0.33938690898027085,0.25125394178626176
0.47730876313020365,0.2659409905960851
0.44531626537871893,0.26304547405208334
0.46687444671987666,0.2736454971480042
0.3673944382477759,0.27746961595191755
0.41963180126379335,0.23855716946141992
0.403221236518347,0.2670700006309252
0.4106890227370345,0.24739153930412877
0.3858863850777826,0.28295760065439807
0.44647376088658913,0.2312679809754415
0.4570132862374163,0.3007817114665804
0.4598841482914905,0.23851641997010334
0.47525956717301676,0.234620293401732
0.41828797773261095,0.26744845194267736
0.4206313661166939,0.26971689557127115
0.44704651715539956,0.23337976269205066
0.42602133222170663,0.2551976720174629
0.37289592386640763,0.23752138362242603
0.37708963486286423,0.25243552549662596
0.42652177732816177,0.24339293390979863
0.4773838976169179,0.2656010162790032
0.42209989447856855,0.2252499560037045
0.43737503998070165,0.28760665256073115
0.4412956843686896,0.2534520006750505
0.4985961023211784,0.2314477135876329
0.45995387856563824,0.24751727982981034
0.4595788643789536,0.2500077077152733
0.44936894545531353,0.21238562393825366
0.3896792429760709,0.27472596265008215
0.4027019528270049,0.24011282363679806
0.4505177805625356,0.24769888042496124
0.4614597378902722,0.25563338736264074
0.4591085170766764,0.2615074680111892
0.45783536117113804,0.21387985185495934
0.46897671310760486,0.2565564260039993
0.4858860007247106,0.23884355502342222
0.42635202002310957,0.2515575025681099
0.38168931303191705,0.24196672132930544
0.5208401764642145,0.24339150034249682
0.42301826524680264,0.26071766168970145
0.4393657561089423,0.22597597300162378
0.44766801099600845,0.2378067895943122
0.5252477702692341,0.2528066101417236
0.40741668225203426,0.2750075447322972
0.4209792176107338,0.23966712635108128
0.40962710103186456,0.2755088493867195
0.4480030814066611,0.26166930679604505
0.4350324633658031,0.23198423163747076
0.42213147845488214,0.2396719839273314
0.4220390072738778,0.2706114065214977
0.4571014463193627,0.26004331693334926
0.45352963556297127,0.24773856637255415
0.4857536354381062,0.2848274756372743
0.40612575416194385,0.2486028555517583
0.4328625002803782,0.26408075758877686
0.4051159909322658,0.23100922262686374
0.4432524096324338,0.2622816711791612
0.39636809741423124,0.29589651412191903
0.39748553441411244,0.2738328583163973
0.5055571812994171,0.277882668685409
0.48457593481580125,0.2152215670198967
0.4611333904304481,0.28133895402853665
0.3834842052743668,0.28869715566986304
0.39282682070053204,0.2729900485533582
0.444765162966906,0.2707133277922898
0.48141041564378995,0.2572454529479432
0.42978501351111137,0.21125996998767324
0.4424387350377245,0.2801347486533424
0.46357574441328653,0.22368558328145108
0.532544592825608,0.25330409138585075
0.44025442258795533,0.2809798858359679
0.47165375707737345,0.22737935541419513
0.44264299745615265,0.2515280153863088
0.44507667400568296,0.2401092389015957
0.43663656784015026,0.2823125487912111
0.457744455125785,0.24208369910516034
0.3867947973528587,0.22660876541048466
0.47991241151222136,0.2926075865715022
0.44015771629515293,0.22597555665735292
0.3723194247795649,0.25696052111822876
0.4852257496971983,0.2144008930298416
0.45599683293163074,0.24091253180092576
0.4422557200507889,0.25760904546272034
0.4643355693624888,0.24778197504755983
0.4927418651041359,0.24332143456360736
0.4474336171379593,0.2557990578281838
0.4866491938308685,0.23938937153272816
0.4187529581416238,0.22846354114456036
0.45830637474510993,0.2735878372038967
0.43727564689903337,0.25643806296579347
0.42552521869990223,0.25684325501099287
0.48824196700232064,0.21941317207170982
0.4406393012964625,0.2661927347080294
0.48989310322711266,0.2720235675442291
0.4246512509679156,0.21651714444771597
0.3999812364036291,0.2832316992369811
0.4314069371612116,0.23991330607417802
0.4120154238317926,0.23774673339073274
0.41821006883629297,0.24749054273221668
0.44085317869679175,0.28583200656494073
0.459660833721174,0.22391592139228647
0.44570346915460746,0.23988700164892873
0.40659615975373437,0.26755187758647864
0.4741809954098102,0.20193231785979407
0.4195046918583768,0.2621205629007588
0.4785223674870749,0.23696991031726042
0.4382331658260911,0.2479883711796732
0.4696551761347868,0.2299874436817156
0.4079902085572254,0.20272539981532847
0.44644327082274743,0.22598174826570896
0.3453179631094733,0.22385477183920593
0.4155288072167398,0.2634497840782003
0.44815149346127275,0.27399137174878957
0.413814497999276,0.21817300035921444
0.505723924139211,0.236946104672882
0.4345126361811171,0.248570376612337
0.46597801368253816,0.22963924204581695
0.3925249220715038,0.24837522363455408
0.4857102857605931,0.24154704137612654
0.4427567638726248,0.2601726369481694
0.41719736981206984,0.2609067405612482
0.47286599667135104,0.2646075036952371
0.456513467876696,0.28558790044442867
0.4361764338649308,0.2184488455890097
0.4322218449363022,0.22779201777957914
0.44257841455045577,0.23652999400822217
0.4996143024262447,0.2436488711684759
0.4180976490630089,0.23289372627630472
0.357809360776941,0.2612227307398177
0.5273422767539866,0.26239385194165277
0.42813356533106717,0.26884987586353887
0.47001648514188804,0.25945109147810597
0.41071073414352477,0.2941322106506141
0.4795992329510179,0.2520216555894734
0.487897240998771,0.2799936968507722
0.4423014440895705,0.25600680915258234
0.4465192430478394,0.24585956517471125
0.454215383485411,0.2761788196130063
0.41918927773926123,0.2479299044573265
0.47820111454001746,0.2632157873066567
0.443311238715264,0.26421375274576075
0.5243414499193433,0.23149381289277499
0.41646045574827856,0.2732473010804775
0.41329725094690506,0.2526736162824222
0.3721836893636041,0.2510340832140362
0.41249882984203434,0.253427918739407
0.41684506612761385,0.23401954172573677
0.4552052445941106,0.23895147180650794
0.37542785434666837,0.25492331658282535
0.3974340416127062,0.21932012187437264
0.43756589234008225,0.2531157971374691
0.4669382319070012,0.2896873711058124
0.4820626582427618,0.2896659848109792
0.38947304137359023,0.22702264682408874
0.4423847558412479,0.26421478240492025
0.41887733032373786,0.23146677973782748
0.4289501653134009,0.250516803951038
0.46139874141956855,0.2603657527687096
0.5005372585552451,0.23516708058705085
0.35851987785741474,0.2561174430915835
0.48093915461656667,0.2436187396310794
0.3968843249056325,0.273348230160371
0.4645064608395685,0.23629722308791531
0.41820254952615504,0.22575042991666877
0.4621210124968775,0.23725243791498826
0.39679996831980296,0.2775713430602296
0.43252908518072414,0.21388281747740842
0.4359226150228436,0.21957269449001773
0.4245518109359088,0.3082946200571585
0.46203355473758895,0.2273116569931874
0.45416037572157325,0.2415575368324407
0.4197519185516197,0.23633929165624507
0.4263018243463596,0.24008004879582365
0.45653577232977094,0.22762482221828276
0.5028078950881865,0.23054538685048379
0.4357902629832466,0.2703866871293815
0.4355034098663373,0.24571980948436012
0.44266020545409096,0.25707731724798727
0.427432804880571,0.23897335901638053
0.4062002251550407,0.25191526050555946
0.4732194474133409,0.271747299448015
0.4614135093649165,0.25859567085344554
0.42130726329856777,0.25395170821490587
0.39521973229473906,0.26788546678517206
0.4576407767443705,0.29683141651353023
0.4459547997623701,0.24423913932580416
0.42191851651328294,0.23993192641839278
0.5404259028355946,0.24605369294122462
0.46452665756380784,0.2718409405090929
0.4200828852209703,0.25097025250076266
0.4288308717739696,0.2763668575871077
0.4447560895434699,0.23884984666713077
0.4440896378282113,0.25082158752863354
0.44119285599806285,0.2630207819845855
0.44985457753581976,0.2806609380639903
0.4395127250281916,0.26943720507820185
0.41267366273344486,0.24635194881912337
0.40672315316151963,0.2579150457490635
0.526223709752448,0.26810341688614936
0.4546074935010744,0.2703175754316426
0.44061826626377487,0.2552625216883941
0.4775693252479143,0.2690532820058147
0.42164924425225503,0.24878926155783881
0.47774799038759697,0.23450845837817527
0.4288333874401495,0.24823872275378758
0.46833450986987746,0.2655053976529319
0.4100180228627559,0.23304525177130553
0.438175745944628,0.2539424881610415
0.4282075027639996,0.23190305472633163
0.38631451303606695,0.2721444430746689
0.40427143424522155,0.21813237584699244
0.4340961510430672,0.23757271996543838
0.47799556061288573,0.25601226753904693
0.37868717002605634,0.22879749363845328
0.4332044290264922,0.28884459531673157
0.43346356510134204,0.22983588498642488
0.4472390621218505,0.2157429465884666
0.4673297819782911,0.2649228236840972
0.42899434455479846,0.269403452815486
0.4165046885250709,0.24789288048930802
0.47930982774679454,0.23871138216355037
0.5254227030758449,0.20785912560981978
0.40775814934658616,0.2574257370505623
0.3625965955335959,0.25087884097554547
0.4828627696741506,0.2573015121340434
0.5229346630168707,0.2513447826143128
0.456403892149009,0.20539129121861
0.4275259868888502,0.26931313310370913
0.4339065382634946,0.21886949944839507
0.3932352130379397,0.2472129349639073
0.5026716265306189,0.2717900601021312
0.4827179847119481,0.24874006221310552
0.4549164834111101,0.24455347572599537
0.3930918821418971,0.2567620749708078
0.44551194210766093,0.22832477624196387
0.4387653753876886,0.26417115258501195
0.46851202920484436,0.254728754076755
0.469995593331213,0.24811046877995124
0.4419883455282765,0.25788522265845665
0.4987353032669414,0.2246439191073843
0.5019377291128094,0.24329986007898693
0.37498600757386774,0.2497998860576629
0.5033741131778479,0.2563535388156201
0.48059869228627444,0.23584095440975367
0.4784467077235987,0.24420271001251403
0.42568222045709203,0.2666782924120952
0.5100240625757609,0.2359889255823847
0.3666764192672355,0.2526353212922508
0.41488917073398146,0.2883956167907661
0.5024152172087791,0.2545031762464564
0.4670818272609699,0.24713760959253137
0.3798251475762052,0.2541263711616715
0.40305190918220213,0.2633021420822324
0.42507018968274496,0.24787425530490736
0.4033282794945578,0.2931215008575653
0.39193417065795166,0.25377544194268437
0.42175100737521554,0.26273871098328916
0.542344498536544,0.289235576081659
0.3917236834324588,0.21422726610269546
0.5253881464389245,0.2582670263902201
0.44143165387039524,0.2584204323258814
0.4122535492059383,0.24755880604689742
0.4207750846295305,0.2554539392601598
0.4158028326666922,0.25748108822782567
0.4604591579378109,0.25602523937978755
0.47235880870491526,0.23921305535881413
0.44855089418815103,0.27240128652997747
0.45560289368185775,0.24421476019906632
0.475197484630197,0.28343746230054406
0.42867041925358784,0.2862061873729464
0.4383186453272296,0.260271429520555
0.44044070170222394,0.2668053008910533
0.44148748445432184,0.2579439630344052
0.4417342256866701,0.27550583859372235
0.4872381724953862,0.2836872263727126
0.5241831795390983,0.249055145068784
0.4785948280933195,0.2700547999103451
0.44200451015247294,0.21846616369980643
0.39931761828739804,0.2681328878470083
0.4838515897563636,0.24634901208588797
0.45764345190319183,0.27780981984223757
0.5131292256855982,0.19970696597894175
0.39046990617213745,0.2885303408674331
0.4174518910437678,0.26697995417361475
0.4253719411219938,0.2632891419390003
0.4053016221920578,0.2736053796499741
0.4237820511983627,0.26916604941206895
0.39441812787645875,0.25916705297988085
0.4646044520874103,0.2465415413072128
0.41406670498543013,0.2488018617938286
0.4623398631095703,0.24476233182141055
0.39832331020989253,0.26581789745554696
0.3622385911711192,0.24937880227338097
0.41134544258550215,0.24551680038614807
0.43649280327445156,0.26095891800372023
0.41917452355125007,0.2955078208667425
0.4053943720489511,0.2761556970999294
0.3808086355643742,0.2643727723951529
0.397483118568974,0.2503614391457573
0.4661825297994803,0.2641321774844502
0.4674361611654236,0.22369580694353972
0.47531698901749503,0.22044675129520996
0.5471194084352607,0.2703172271541782
0.40424722953261283,0.23376715585783875
0.49309625863810497,0.23295640754071364
0.4309341056596718,0.2563188711231701
0.417616638586731,0.25592683390002013
0.38932245770524243,0.2553056816876484
0.44112313037469825,0.23618384065128006
0.4433032401545118,0.27175412281899897
0.47151843667934645,0.2664103140224381
0.4366127376282138,0.2521598955196022
0.442479335194687,0.26151226755722073
0.4085559680438603,0.2533560037390791
0.44684232041195454,0.2664529667170746
0.50195229750502,0.23918085714471046
0.4863720688289294,0.25929757150660787
0.5020034180367225,0.24219407192104306
0.4868809311042415,0.2354194324788918
0.42868458693894085,0.2302053887910627
0.42484140685048005,0.27593846739556194
0.4855072138340392,0.26871908505281006
0.43903500246407917,0.21856592815954054
0.41476227931882864,0.2369244455928451
0.38263738535665803,0.2878825563060218
0.4180489434397589,0.24830156160602235
0.4720157881426344,0.25775034980829065
0.4494560360376523,0.2575264277496835
0.49373021535174344,0.26386663751715533
0.4362427812314498,0.2771690027064709
0.49614312970109636,0.25996388877607446
0.47137305612360847,0.2395878941062421
0.4035016686331949,0.26981180983008846
0.4136062142544857,0.2237575749334164
0.40210191968474296,0.22805858097883364
0.3981811296141734,0.2773393039100101
0.45427332859848324,0.28308981207927947
0.43952409610405685,0.22794540152040346
0.4522712637562037,0.28126348168873594
0.4485987586195865,0.2636948378122514
0.46747967029575044,0.22164704650298403
0.43759254733398595,0.2735863260629978
0.42018550289473716,0.2707685737859221
0.43014309251841615,0.25092546529518295
0.4393387727055117,0.26203119564905597
0.49025539230392345,0.2459782069904912
0.4548698886289616,0.225219739203568
0.4687190886663613,0.29470589719456874
0.4349078895630348,0.24144151225473542
0.38397106952529786,0.28430979333930745
0.47061617779998083,0.2711675561666506
0.4644810209834747,0.2783862985202618
0.48645276112932767,0.2885835818161451
0.48391074257320615,0.21114874137551523
0.4770357062736461,0.2703136412757226
0.4528139767951982,0.24767905605120027
0.38619696523070335,0.2621683351535114
0.4301272981970306,0.23903051487629184
0.4718270484180749,0.27122721259305776
0.4272007568209926,0.2298840575116189
0.4511454739508836,0.261902760808544
0.4276551702914167,0.23125821301913851
0.4552669527059775,0.26482454662059896
0.4487195561747831,0.23999628078374627
0.48051630609317625,0.25648242516419284
0.43653564888731616,0.26605498632420815
0.44117838412782884,0.23146622279304377
0.43028267817301674,0.25379006339001237
0.5319065610477408,0.23962030344330598
0.4650347784012463,0.22519748813776802
0.4400520995788781,0.23206485895397777
0.45749118602484534,0.2124815380498984
0.4037458541068801,0.2623161566431994
0.41607674660096294,0.2719953115148768
0.42388038401333206,0.2442386420038611
0.45022526030877724,0.2252790190547171
0.4474964358668285,0.24772346569923423
0.39679736340168925,0.22827187898591525
0.510110774338616,0.28452629447245137
0.4702417343095455,0.23107577212051889
0.47402057206557413,0.2537434298799193
0.4027784548639437,0.21042722473736658
0.44850953491680945,0.22942319356435717
0.40107835661199254,0.2770732290943231
0.4871204434181322,0.2715360495199511
0.4470643432320394,0.25747535590644033
0.40185499709840433,0.2941689087850674
0.4913473535160803,0.2518982872777759
0.4309933049426128,0.21766844883761288
0.5159363422771942,0.253446400527257
0.410783044280416,0.26558847773526906
0.4315374933931421,0.28353272256718726
0.3785468838416395,0.24052344433729722
0.5407769280664829,0.2558461341001076
0.4526025827134181,0.21282158269843104
0.3790696700005631,0.22231819671009623
0.42571146239927493,0.27796399365392277
0.39353489135010644,0.27134029225762524
0.4239536779277583,0.2712030002762165
0.45691497554653193,0.22194591972405123
0.5101568950136106,0.24279174782430957
0.44763061902387435,0.24780931430106076
0.42682519573079997,0.27147015549609455
0.43482605106311084,0.25674747597903563
0.4115113608358438,0.2477190657539074
0.4150545075620991,0.2786964258657547
0.4584497626922003,0.27404307780558596
0.4126735002782364,0.2658846517274462
0.43893572729202013,0.23604572877586377
0.434150352798184,0.2663589216152813
0.45933988961347916,0.24285675961207512
0.39814565305622257,0.25221537180885906
0.4374295247587057,0.2605388645680498
0.39475180105411317,0.2421285033078465
0.3959953123480558,0.2725174210473028
0.493618658788457,0.31397566296175644
0.3876059797178523,0.25087758917864894
0.4179981504333715,0.2655091011040312
0.48854490689203267,0.25956635460084526
0.42856890921995744,0.26806367089275007
0.45182328932560745,0.3060801816392372
0.3942957279210036,0.24367562001036214
0.44420524715429954,0.2777764658123524
0.4294841143351445,0.24156040170267948
0.4789828814303471,0.2642795305990605
0.45311414871601435,0.24381463741141268
0.49391436465270927,0.26390977768120577
0.4141490164407166,0.28046878843614836
0.454434887529199,0.2286826629336928
0.43786247065936434,0.27670790229113024
0.3594734702628777,0.23654571918672537
0.4752636179210993,0.2448871392684444
0.45184754268069877,0.2621337073758239
0.4679573559573003,0.22368348887156939
0.43704680852083316,0.28633116984761037
0.4533895313601157,0.2548179485287546
0.40145131076179386,0.290880156328625
0.41085145816054264,0.3011422597025937
0.4356754801448231,0.27992633893451135
0.39658563138480996,0.2404781032128322
0.45935877805733305,0.2609069473522192
0.4735331366528445,0.26649798862079815
0.42537990275162824,0.27336407385650086
0.4300688836450546,0.24377079081070158
0.44879316388449536,0.23933054567003367
0.4004230583587309,0.28164816441279067
0.49582014833659993,0.22622570760982644
0.3893194489081292,0.25983528660718885
0.4161580980565694,0.2712411668104374
0.43592416363751474,0.2626353018054106
0.45971802136467643,0.2284104312473144
0.4383761737694656,0.24146893663243474
0.4544415421538342,0.26025903840788756
0.4299061993478488,0.23327999151654086
0.4219184319271089,0.229342619442789
0.41410122953604217,0.22808068683703128
0.464449592820803,0.25843068109461353
0.4686940502456141,0.2475305462159281
0.45320247931627505,0.2572535797585544
0.4349936725721457,0.2267998822123806
0.3833758870860823,0.25302476142300884
0.4588298699096838,0.21505715898777172
0.3901412507116382,0.24556177202281823
0.4854086309825811,0.2835152708000381
0.4035768618316392,0.23376263883570522
0.47413283874424367,0.24839382781734898
0.3870995427770094,0.2618525299423561
0.49121900808356045,0.25741327351731574
0.44316046440480983,0.2286539130138607
0.5305402875728458,0.249936455517274
0.47246922809317776,0.22400651482853867
0.4960982812136933,0.2610659960559733
0.43014580622648413,0.2863262021285445
0.5184240808984679,0.24759815866838375
0.5136941212175661,0.2512732127142295
0.39597306467725246,0.26182950317267434
0.4133818181274468,0.246985685931221
0.4736151538298834,0.239866839936862
0.455983461518747,0.25684493322185187
0.46424095234346435,0.24893874446831243
0.43164025316057103,0.24783623016264927
0.37714245246895156,0.2558866096939337
0.4592865338855822,0.261166899465191
0.4754069513478445,0.2930313055017082
0.45437979305989973,0.291904815078788
0.41243642474408154,0.29601599995523686
0.3989289315321681,0.24195366017773942
0.41558876085644425,0.2590054657460088
0.3855273779229515,0.22801217975845467
0.4195653231600409,0.3036032700182746
0.3967032036544805,0.277568570558789
0.4861146920982617,0.2302045481443883
0.4051976102513016,0.2462933030548362
0.4566666835459615,0.22102552362716257
0.41085887648546515,0.24839664473700018
0.3513618653649185,0.29371737729755626
0.533752724025015,0.2518877238435202
0.43193852713186437,0.23532957845099417
0.4969391479202319,0.2541203548784379
0.4038671260480159,0.24921449726850772
0.5010129263473789,0.21406476164019933
0.48215894155968647,0.2680917875984477
0.45013125418784866,0.24923616828010595
0.40289272448105884,0.25641930185896306
0.39757607307441056,0.1990218875456269
0.4073830543488966,0.2897979203546557
0.40860254029466103,0.20739711802008243
0.42854046361979603,0.2293677183028934
0.5206187995020388,0.24790338028971068
0.443621117887296,0.25485361479698654
0.46810800446124295,0.27162135161369916
0.514919276460901,0.2227214011797998
0.4257267789186792,0.24577140119096239
0.40915080864236264,0.2381833421153132
0.4204444510503623,0.2862078658478808
0.36906391999178584,0.25306535857254797
0.4747005050323609,0.2288558744659693
0.4775684583782989,0.30639218234079596
0.4420123247959937,0.23447029609760794
0.4135655424180147,0.25063428199441773
0.4694797323922664,0.2599393672892826
0.4393237362834928,0.24179372559058912
0.43615466822571547,0.2734557103434477
0.39835435795469354,0.26136034489737986
0.4453642451181564,0.2620734375660603
0.40212924311578047,0.27202466873455483
0.43814626217757935,0.2413886091797183
0.43435476564418585,0.2516753212883513
0.4661605075400616,0.24442322441269346
0.44791382262647716,0.22771458458088545
0.4045294189704561,0.23114589751527273
0.41877904271643185,0.2597190462393145
0.46750510234469594,0.29557676592749527
0.4425308467090093,0.2523781859901694
0.4131129797752611,0.283167655069085
0.39333689657621784,0.24008776450759245
0.41985490053945085,0.21506670198351605
0.47385894457170596,0.24158629092014808
0.46544893002249377,0.2211055604067227
0.48339896549599387,0.24373634749907644
0.3950849415526169,0.24639331074059595
0.4372203572811836,0.2784038722935985
0.43513625705247355,0.22048235665583385
0.4401697068581972,0.2509722382644582
0.4256506303017504,0.2524000163887116
0.4426925279316509,0.23448914356771977
0.4808237853753671,0.2057835120802829
0.45391466797168023,0.29336213431786595
0.4316075521272831,0.221002574533569
0.45713192732993435,0.2456997431804945
0.44706917617155095,0.2643087342532417
0.4702606788624181,0.23003364244826807
0.37774239950818334,0.24498572980128613
0.4822064197219939,0.26638636562433166
0.5105949339476595,0.2795573446877779
0.4734892742804266,0.24192073051861265
0.4685670004512976,0.27067059809603905
0.5189176469739905,0.29143105028839483
0.3744846210866624,0.26197283081300665
0.42084598066970713,0.2631892499982048
0.5049073541183735,0.29129679622908805
0.44733594398682935,0.2780563263711774
0.3903190457574262,0.2529032759985449
0.39228626787097176,0.28173834105844875
0.41206274764287204,0.2362635993237024
0.4481897091229889,0.2830757237639116
0.4454506940489711,0.2185701944027692
0.4280637148391671,0.22241016892181953
0.44632461267495127,0.21980927172549053
0.47344203434744025,0.23306599529239191
0.48065752211439167,0.23057684464731099
0.44252889268924767,0.22908993932910326
0.47445658119664424,0.23147460742749612
0.4962772987764424,0.25379679473574257
0.5064776470761464,0.2263309798005019
0.3713258889636144,0.2620779190766458
0.48688300125416534,0.2562325512839744
0.4509883793987075,0.23424463293047848
0.4287781371463157,0.23362486469553162
0.466305469826938,0.23398002572820223
0.37595786918379925,0.2655511290508592
0.47030515202247947,0.26807527581846197
0.3728646779282279,0.27905329060616674
0.4214046108352079,0.25850415991038184
0.46578516893515093,0.2692353900373052
0.4952348155925208,0.25322332258583297
0.45385878149572284,0.30076585221460495
0.42402307036891423,0.28016236458354193
0.42935844886092195,0.2744348420090013
0.3925540249714828,0.272911379840969
0.5245255970162047,0.27427468919938497
0.4022843453511686,0.2573961140872961
0.43939200528055944,0.257784158778237
0.39614892428050485,0.2556397590701131
0.47136300298436334,0.2448019902891598
0.42605028175803106,0.2514433081753798
0.4615181330777814,0.2311525204333065
0.3838039738909045,0.2786467707659197
0.4228018126427751,0.2646296191893522
0.48099342499821524,0.23286960851961266
0.47817533889376257,0.2543519530892715
0.4055104847672535,0.2547066674938727
0.5062825224572842,0.2341982925109661
0.4607813317015683,0.2522583698195581
0.45088025014845723,0.2487107181411432
0.46730093728643163,0.21813360657869077
0.4024090855248792,0.28009730320742676
0.48414320303443964,0.244222390957759
0.47708671996674984,0.26413210184474617
0.39416163787607866,0.28805208196487503
0.43849058627787685,0.2323561729567403
0.43927127923616016,0.27195886893481597
0.4534425204516924,0.24023415213994304
0.4978328339443492,0.22914928371711582
0.4395912974069252,0.2617794171533616
0.47959364494479,0.26448534471263435
0.49142416517878235,0.2291396310444422
0.4381153603982282,0.22382302576117133
0.49650752658569464,0.22868419898945544
0.39106030109701767,0.25421773045217155
0.41990402021333956,0.2450303189387213
0.42163544708687384,0.23603765501407398
0.44857462768749495,0.2604691521859854
0.4569183049758464,0.26454886410745976
0.4377430765509455,0.24139986608720151
0.37324117840747906,0.30257761991876536
0.4649643253248767,0.23098082966809844
0.40718281791006483,0.22132818053593184
0.46920837399095716,0.2821159346060494
0.416680198337449,0.2627072865432442
0.4986791879662156,0.23688869387860015
0.4280674017062798,0.2749425191077762
0.44213578153047134,0.23028921418347376
0.3958017349915221,0.26261732507097
0.4556428786022168,0.24683029793219882
0.37650082048515826,0.23054782660284331
0.4363729906334865,0.22921453821515514
0.44094106499980545,0.2839237044795663
0.3877376301728687,0.2570702565249594
0.422375215391801,0.26434085410160185
0.44281110408347507,0.24939771978762887
0.4295732409702115,0.2860139244863548
0.4412770787268542,0.24127480304928917
0.38386046463421536,0.2547237519826467
0.4624782319652147,0.21976141573999286
0.40869345742903074,0.22337595796961002
0.4253015139805549,0.25154372985358797
0.4229469488741583,0.271704922598166
0.4302634543520545,0.24097394437765524
0.44259747844393393,0.2470868509936659
0.40750899097689697,0.2216647896289179
0.49716834463374787,0.2572004169091411
0.34213113566064307,0.2422041158213173
0.3920069880424355,0.2597836837953606
0.40807361638623124,0.27084642022401123
0.47418192003928017,0.25253401125175823
0.4075824335731563,0.21592429232771546
0.487769505439885,0.23570749091389717
0.48872144746831087,0.2698654928266573
0.4588513058536678,0.25551947010547066
0.4190057902115791,0.25270896260687137
0.4234104566073636,0.2526211231710371
0.44044213651664427,0.265256128943422
0.4436540004950286,0.2383414532636893
0.4337230113494221,0.23522472328524238
0.4590055221684843,0.26184875835688765
0.49818766006040605,0.21781108791158646
0.43279061328639035,0.2604359969194656
0.4378012623840322,0.23716361261730456
0.4133598821744564,0.24802482387636374
0.4222120574194592,0.23685679249225183
0.4228411950155706,0.2881906538578954
0.4579427425351467,0.2593735826218457
0.4559769087544514,0.23031603257116345
0.44843401716024955,0.2603622107285485
0.39766307214761926,0.23392151266148345
0.45520668030205313,0.23365092804855192
0.3962158964875544,0.25696029396570885
0.4022053593478795,0.23918103002184385
0.4113268472639707,0.2540507093786203
0.41099094591883834,0.2403117151105208
0.4004010952715999,0.26190135698504613
0.45203257878945796,0.20098630827098046
0.42394726251177767,0.24002021581973584
0.49209369351199145,0.25426332202531776
0.360364171318963,0.25384777593063135
0.4891362373643172,0.22840904853000688
0.4163709478407424,0.25612651672881864
0.42054928838404004,0.27147886356229084
0.4544881338168746,0.29263265041419173
0.4221354072458553,0.2834791084795608
0.4006212527309777,0.2972326946622837
0.4487302662924661,0.27582065550441487
0.48021251012200894,0.22451753682971232
0.40873922661769424,0.2551493795062787
0.45710306717232824,0.2313005667623649
0.47870342393658544,0.2542856912310841
0.4098156563710449,0.2890559995696813
0.42086456430607566,0.2662684830062369
0.441973941332338,0.22802816087647124
0.4503582683731831,0.2904776632696387
0.39774955221446395,0.25192296692371674
0.48417220897326047,0.2255393973899323
0.46870091570581246,0.2600342825580087
0.3836487545427031,0.22442496912507975
0.4075480018423752,0.2357302332761457
0.47552961398721294,0.241407515242842
0.43224020855322537,0.24965879042247388
0.45723630784477837,0.2947872232521974
0.404252240006858,0.21742040118589664
0.5045454626640561,0.25409118550947707
0.44850444580655524,0.2731333881788689
0.448554016505338,0.2306558945987995
0.4130565492057356,0.2603130303162142
0.4717082621241187,0.2294187558355752
0.405371768216765,0.23055344934283656
0.4372570812024648,0.2318398455730606
0.3845376629771155,0.2598182215463972
0.4527301367484602,0.2694348952876163
0.4577358230260997,0.23675620046596463
0.4440534918550101,0.2919001480293686
0.40358072797754124,0.25404301112193617
0.4166616371886339,0.23481491190315393
0.46484103442102354,0.2538445578094336
0.41821874347440907,0.25220170144676624
0.4528219256417006,0.2428508091681354
0.46794159278934283,0.24858770635348
0.4355854149615967,0.28516664019140975
0.43500502383868184,0.2395074204726123
0.44301497781733556,0.2658055451253233
0.4240686413001292,0.24883992590767054
0.4432098739748866,0.23207919170836303
0.5304034984733231,0.24835416481824857
0.39925118648723185,0.2721072119844564
0.4192859218428957,0.2711908932678843
0.4037902116000033,0.2613717368173099
0.45800716708532624,0.24470999266000537
0.46238585229766443,0.21766485356484694
0.44944276558546853,0.26188048124758123
0.4633154350318861,0.2301617787370831
0.4027718257806517,0.28154112578811535
0.4405160693295773,0.2769012471977149
0.4595325687264369,0.27173758595066516
0.4267405168410918,0.27171014566048535
0.45705890534040033,0.26329210782001355
0.3811016914996195,0.2295462582314303
0.4028761427592224,0.2508747560311524
0.47730850499822874,0.22384918743715498
0.45713787642761056,0.22649871905285315
0.4584741818791033,0.23667425372021283
0.3877063467012434,0.2417177151677046
0.3789941228551695,0.22983217885993526
0.46291460296301007,0.269214713840945
0.5102205622449797,0.2518476882895237
0.44554989573199316,0.24858938686619422
0.4766092818004214,0.22178549242748768
0.38336910780598993,0.22560562583763646
0.5025465067138022,0.22666259367836167
0.46533015359828367,0.2540789173851928
0.4730939477008619,0.298939881533605
0.3787978451734079,0.24059540189154657
0.488023054977506,0.22863510089282
0.43653086707041955,0.2347682979898126
0.47965018412477156,0.22888677086110462
0.4135036430875542,0.2547026136917828
0.5026636111792545,0.24478497406161515
0.46005010970889987,0.2760227015227862
0.41584097240580387,0.26647122657306394
0.43097427248718456,0.26128973732033384
0.46601923197977235,0.2665730412791607
0.4787674026876048,0.2740963641686603
0.395883543116646,0.22036005190505387
0.4643001581938783,0.2292515252534669
0.4245533793729337,0.26371315152514546
0.38894760992888205,0.26530831507823394
0.4780364830423291,0.2879883252961472
0.4454333920906236,0.3001738699923835
0.4973211944655011,0.2642822978608548
0.4715931086977609,0.25326678390222385
0.5426934718337324,0.24977561001796578
0.44506769474655355,0.26713497524833785
0.4686220062480484,0.23204503777293412
0.4300157390469651,0.2583592171473571
0.4452086924966209,0.23338672054052864
0.4658209498240013,0.2576492390246822
0.3897870672445055,0.2682318814958403
0.47789321591980266,0.23958305381776218
0.4248064320436069,0.230017558453917
0.3973372232460224,0.21201875720765417
0.44826399062817696,0.2506636908318847
0.43533183270658254,0.28625938346306185
0.40736010770622005,0.23598089069006634
0.4363882844791723,0.24925593340644026
0.4456011494581976,0.27435786526189726
0.4229853601679537,0.25344387645750655
0.4664054897015766,0.2699429411536714
0.3879789814454503,0.2708694681311236
0.4263432030044712,0.2555492944658779
0.4189537721689689,0.2543489815717816
0.44289244574116804,0.2672534423127535
0.44194475533898686,0.2831170648612854
0.43729116962138875,0.2554067658564265
0.5031324711082908,0.23388993053727453
0.41915959334002717,0.27814338606027544
0.41436437868609977,0.2602672782369092
0.4632779147225299,0.2568495659217192
0.47810695061718916,0.2535289274058754
0.4335494905338432,0.25772253096346404
0.42511328074406646,0.2773415808889495
0.5133622589275643,0.28048736528290835
0.48706725879823454,0.22989676015271432
0.4425030363651041,0.2760609598813819
0.5113941381027205,0.2641808831113442
0.4609348143482165,0.2592029901922856
0.49625378410626536,0.24303787140453273
0.458963580476749,0.2808129365122984
0.4340290598570715,0.22813605023807831
0.4639810839782861,0.2400780001799821
0.44845505796162705,0.2720960391227042
0.45948363025845756,0.2699709493841573
0.45284848657242105,0.23548733871295796
0.48487365518460807,0.2789767153702645
0.42395957865005046,0.24428941698951206
0.3885922791447638,0.2306493792492551
0.525064928585543,0.2273090129005227
0.4222866685442138,0.23150590887665404
0.44230409508831553,0.23805935777864942
0.3639558109299601,0.26167537737991275
0.502562324424363,0.23688176382639947
0.43092880566443736,0.24595844721944532
0.42027070713184994,0.2857786930604699
0.3886269323558925,0.2701629440215708
0.41486308811701006,0.23454447807540207
0.4635268334371039,0.2607587866677056
0.44828912077080785,0.23652633002108442
0.4252598427488215,0.25878059362463035
0.4162520605250638,0.2637657744725148
0.43736512009125217,0.24102294451583567
0.38246615357761793,0.2646182542313953
0.43641454235544247,0.2584411606408634
0.417292184423829,0.24454352367654114
0.4531178362703296,0.25555361873825483
0.43984604069954325,0.27004726918281113
0.40679193420678106,0.27806478063728396
0.4727020896735474,0.23195451809557624
0.4209993172416153,0.2628097400285127
0.4255676668762013,0.26996730526791474
0.4599662804883604,0.2567557109519613
0.4454288034067266,0.28721554032390706
0.4470360006044814,0.28431383941853305
0.47752093695434084,0.25135531062379723
0.43232487840096007,0.22948222813481836
0.49650450697640564,0.25275579951570976
0.5426034068664953,0.23713736695583554
0.452892831905753,0.2664707800341041
0.41096621487100293,0.24751491319208457
0.4109206366294577,0.24179469873695314
0.44096846174112103,0.2810412673987632
0.45145323599386933,0.28058605239834894
0.4312006870295516,0.23637348779457712
0.4741641668049022,0.2593490699552565
0.44274965360657553,0.2654519956733151
0.38909938399945443,0.27974605885778225
0.44294721360403977,0.2675794410952771
0.4313271474711656,0.2573503681012922
0.4676760648593636,0.2224418351268747
0.5116433871888326,0.24395908629078267
0.41602774881431914,0.2238717073081523
0.42837308820357944,0.29486955244067276
0.43057554246582097,0.24909217882583043
0.46523101831369906,0.26249708906623476
0.39332082062027635,0.23501910740653106
0.4941021737560996,0.2813909424928589
0.41061490789500327,0.281364745527833
0.5133462873249955,0.2644037171783265
0.41848215796067717,0.27642434546059075
0.4656507099701876,0.28100341970565973
0.3696346737588426,0.28567480429304853
0.3984749934159332,0.2441006757494391
0.46257657461068624,0.25794666755953416
0.3998335539416817,0.22971565028374388
0.44093209994219085,0.2264611813438144
0.4361965949687972,0.26743260224066767
0.45879143203432315,0.23366904124545448
0.423073285515109,0.2576764360756122
0.379151536963684,0.23045668615463585
0.4416200882004073,0.26212572204520207
0.42989683191570766,0.27570634619937384
0.41683820175607134,0.23333658925308126
0.45182836242142854,0.26572581434636316
0.5365753377948834,0.27645939380462714
0.43501823513145055,0.2685008760662824
0.49571131808765684,0.24712438617551918
0.45737032255283716,0.2721328948508934
0.4502443037582339,0.2756635889244749
0.43422374619434856,0.27831026508497636
0.4623520185244972,0.25094431667847084
0.4116194974090277,0.2745777526180621
0.4028626086393893,0.278150404029448
0.4316382998116556,0.25086120946392465
0.426864243861745,0.23895321097769665
0.5107596233954842,0.2786391557212597
0.4720912545337481,0.2577313575829555
0.46007564812642726,0.28099580661463197
0.4354724674054859,0.2722146263233202
0.5190231869770897,0.26922733700980356
0.37404006582672616,0.24572692853604575
0.43167004567825784,0.24833692478197864
0.45586091253021876,0.2507357311988122
0.4422732144040943,0.26039052999940193
0.44298848457967654,0.24881979745589572
0.42307070474925584,0.2387393509410532
0.395880673747367,0.2728532229435616
0.39638355010832804,0.25047004486848884
0.37710963714162155,0.2803488745723837
0.42129717161316027,0.28397654994796523
0.4439986064774412,0.2669775817624281
0.4643293608803395,0.27426682183899925
0.43006209205684304,0.2159943189345974
0.3967337773617857,0.22454459438601085
0.43379111372728185,0.2575784616644743
0.42131397739269144,0.2458002447087447
0.46547550107097063,0.2613182372310912
0.4619243226082449,0.2348775874682004
0.43829192190728977,0.2528275209103413
0.4669183516610556,0.2759690044126457
0.4574114028942103,0.2694880599474978
0.46343293548719655,0.2473417257978889
0.4659311186591928,0.22552058817187415
0.4704287485587221,0.2890113337687796
0.44776326746638656,0.22941975890526584
0.4547693435319752,0.25685029724536884
0.4744653074826048,0.24221387681621406
0.4050371223487719,0.2557199312314732
0.4382820926509436,0.25446657573797604
0.41358614265069343,0.26001538795561047
0.4096944039410306,0.22620901723397277
0.43616839307727223,0.2815652382066836
0.4036761023421688,0.26617931566195235
0.4772373090288032,0.2905631866230705
0.40836576714450434,0.2641417748227895
0.44128311035013196,0.24849744849126434
0.39696871650421167,0.2232219456064198
0.5068440913934071,0.25169545257058284
0.3892431527577148,0.2676296993021936
0.4749648427944673,0.266422821214892
0.4496988221827661,0.24885896142293773
0.47727231078266813,0.2507509394358025
0.4502466419093478,0.2660942737415192
0.43967809574171035,0.2506012926482988
0.43995035050153986,0.25054094417514383
0.4732341968461836,0.22356132888087066
0.41641345450642053,0.2380706114931824
0.44053794653797174,0.25362972166985803
0.44942552892850146,0.252619953712269
0.381150838122468,0.2556153529059273
0.4834908214807871,0.2507194777184132
0.44474030260165637,0.270157781048799
0.420981213196897,0.2547373845033794
0.42117238426425374,0.27053674012491374
0.4342621163138909,0.23739840232979081
0.40003567516223654,0.2669370537980288
0.4681829272653642,0.2630903160133793
0.4887987986869567,0.2325100941063086
0.48862809795983264,0.2607461549462364
0.4602306994187873,0.24098178828307693
0.518800450505305,0.254773487989424
0.45960454215576474,0.22268532385199516
0.41741966996038776,0.2628830323041793
0.40043408609658954,0.2736836278751263
0.47417754208748136,0.2791959869211267
0.4580591622456154,0.2418986723610236
0.3901550464485339,0.2441532185882345
0.42263495903820436,0.22199878422840533
0.4345817813418898,0.29379535556711217
0.4618755443309117,0.22137160195774191
0.4171828121840398,0.24911629923834452
0.44139487196377686,0.2217533141408879
0.42208116205875723,0.24392069272766606
0.47316471217407785,0.26610942396893894
0.3455176541929644,0.2601203420893966
0.45206248636878,0.24440396132385775
0.4396249530984024,0.2689271799893962
0.4462668297252826,0.22283739247006001
0.4377116715210316,0.2479233057357731
0.3983306423554933,0.24879832037485963
0.4919758359132589,0.22955829824391796
0.4506109424849437,0.24320370844823755
0.42596254684462714,0.22733329838686775
0.39158712253160805,0.2535214661445319
0.4274487481346832,0.2601745498286333
0.411403884463907,0.2461336662772394
0.4642892844267769,0.2467242184079606
0.4530047772622791,0.24287289095534556
0.4797203488175046,0.20371272023929135
6.919165921336439,13.58222932898614