0.31163435341326734,0.22295585218680866
0.335308667649892,0.18699355074758187
0.30546890163687873,0.22947519426505045
0.33898429432764676,0.21738518640322593
0.3224896741157136,0.22080748078218193
0.30518045065366983,0.20338882168856362
0.3452642744739392,0.215359182015717
0.3711275200308005,0.2161778437436067
0.34801605435356736,0.21219334744188956
0.36373354846523454,0.19803906084568004
0.3612444004033795,0.22666374860532781
0.36426754664674976,0.214479846658913
0.33149858855110137,0.21251124725086204
0.29423796712490774,0.21813109500780534
0.3893949982382342,0.18785580368134241
0.41796153475881104,0.21620118749068964
0.3413730202035662,0.22237137074772875
0.36903203408139224,0.22435808389902254
0.3492468027667902,0.2060490480746013
0.3684728013305349,0.20106672969054684
0.34701405459806417,0.2126571003037017
0.33110716441887816,0.20688515491042203
0.35173061375817766,0.22172288197499604
0.33777243388464756,0.21059898876236988
0.32962805797564815,0.22995461186271993
0.3561469473740449,0.21305782354402525
0.3978735115800147,0.21058029573861398
0.32903367672253386,0.21479176637347963
0.380327612977944,0.21036450371851106
0.36392886661208984,0.19489480515438545
0.32650462518899664,0.23104779114920604
0.33346192000908464,0.21716798850486765
0.3360125985621816,0.24601779810560762
0.3357010875485646,0.20933054486428948
0.3802672658329326,0.19806450170970072
0.32082266850699453,0.20930610645543893
0.32211769463694767,0.21069236109256903
0.32108677149262144,0.22586100797161981
0.34897573263709725,0.22710284757481375
0.33711892866656906,0.18508694603626494
0.34740292345961626,0.21113605036491417
0.3757960627601889,0.20562563839178094
0.3380799408664906,0.19919408886664025
0.36211053196856163,0.22367571784760495
0.3366578989573418,0.20164533327093118
0.3717183016103426,0.20065296554834636
0.35271814848795313,0.19822429899498467
0.3758377904407205,0.18836658338710213
0.3493133532589645,0.2177650675361723
0.3633551334117353,0.2101908980321874
0.3068035620116175,0.20280774677743746
0.4003158792873724,0.19216805109754614
0.32327249737129876,0.1857455687777663
0.315709327109622,0.21801063400005094
0.3377075504718179,0.19149311351947898
0.3431574700935797,0.2141851057949653
0.3604466542305701,0.2406188629544572
0.3740338479449538,0.2349183887608092
0.3532558100559785,0.21828218754115639
0.31686900816484687,0.21673859728627293
0.3559107863854004,0.1767147313539374
0.3633968993190539,0.19952679774415122
0.3437917628167607,0.2098743504992586
0.3344765109579724,0.20275033736147588
0.3649039420468673,0.20631948185685348
0.3353543207059114,0.1784806957136518
0.3442475832186378,0.21024831485574688
0.3553969213069759,0.19453512554106922
0.3269593132129866,0.21496527797725962
0.369983339569144,0.20314815223886493
0.3230975034511719,0.22929368295902242
0.3597364933152347,0.23180456435907013
0.39453089484582493,0.21004964996570208
0.39232545755242704,0.2387319556918256
0.309832009996775,0.20451472798969578
0.364062278775554,0.2150472648143441
0.33950703343443894,0.18402156797466213
0.34164976980341555,0.22409923079023603
0.3637776010740067,0.1996266167133274
0.3330084735798048,0.1942668133957808
0.40994392503158755,0.20305270513446094
0.3553778637722413,0.18364169726872337
0.4006737020082285,0.20250674385743606
0.3146069166381112,0.19646005973970238
0.33027638128220266,0.19848424657994643
0.3596957321970633,0.19867294637095834
0.3395537298667361,0.20082394075455584
0.323112749809339,0.20114178643143787
0.3638220914072665,0.18022827459042312
0.35090318913853297,0.20221210990484004
0.37976758678860406,0.2137307785966363
0.3740586053481359,0.2083246062919326
0.3731616762699454,0.23150864794030307
0.31782539566761603,0.21016476598735712
0.30704105116617975,0.19481170814734539
0.3410243039484008,0.2189335984883237
0.30511826231861316,0.19933911116880315
0.34893077475348694,0.19692941602262212
0.34217214463938794,0.2160666125001706
0.33689172546150487,0.2150596577649524
0.3682039078793832,0.1990024480889795
0.3142715647542933,0.21290262575240917
0.3124922415435627,0.1980430581365822
0.3279445266658362,0.205340199451326
0.3304620521991075,0.1950380748255365
0.3068903726796986,0.23366633484456817
0.3901490836182278,0.21050521507857503
0.3791806054929278,0.20306692710426832
0.3373081560451067,0.22065153911620103
0.37280121336320177,0.20488868684416023
0.3497346546571053,0.2339220467728192
0.3064973133743395,0.21793989495688443
0.32284229573791895,0.20254237422425395
0.3652806975374722,0.19152776100480137
0.29789759368915925,0.22434837517351042
0.34347062557006597,0.2026243270082756
0.36563778303578726,0.20479084343596013
0.3093829501048341,0.23195077378274032
0.3422465272441914,0.217054367342485
0.3119981884385716,0.20935076817362033
0.3850634826454094,0.20597299604416372
0.34526757908706784,0.22022809371825905
0.3308158082093986,0.2320110457040755
0.3996002284644312,0.22192084109064242
0.31537840965696645,0.18719216767036367
0.3365585169868224,0.1846698793432568
0.30596139668336436,0.21053534209390518
0.3599053494115792,0.22033430858500533
0.3735295836479784,0.19848127584475053
0.36652223309296084,0.21921048101941232
0.3255429410336434,0.1970548762593862
0.37931464403302056,0.2246839859924394
0.35057073425409635,0.19130752728949715
0.3495132378821325,0.22203773933730586
0.32632291980070866,0.2020407709521547
0.3650460048506936,0.21303751699230947
0.39444706463755086,0.22132298694042676
0.3437404640853162,0.18602664252914694
0.3411670082149084,0.2192792211057834
0.3696449015853029,0.19988898188683646
0.35810294643285906,0.1804124744930133
0.3747385218336228,0.19912784452679672
0.33563556247157456,0.22232665373946936
0.33548486691609825,0.20802955696583159
0.34893002447175064,0.20931770602886118
0.3834550488699804,0.21104555242195758
0.39119000481000166,0.2029811272153517
0.3382425299680845,0.2254488513220036
0.3827325772217632,0.21826211610395074
0.3308290164326131,0.1970873351571039
0.3866031264177382,0.23007882154248463
0.33816136973698163,0.2347461350438901
0.3090731910107935,0.23259375102446142
0.3051922315235364,0.21092758854536942
0.3657179914715291,0.19664088480393555
0.37121438833290243,0.21017681956699724
0.31911000218119795,0.2469006077202172
0.36264107984499455,0.19594730008447436
0.3464159335573192,0.2047012650996841
0.358050059724246,0.23986022578202243
0.3627542673616963,0.2053805944088229
0.34363558134695615,0.22109357890237086
0.3309379360359371,0.18814669683635213
0.3512671182535821,0.21248813381932113
0.3153854141740674,0.2150552823494396
0.3851882705084111,0.23122580530751685
0.37088264867144327,0.18394483191087155
0.3243216782645221,0.20114743830996945
0.3084092234153103,0.23274919754494502
0.35288428203639716,0.20362416427913718
0.33629473198289045,0.2064773579735509
0.3473550681942764,0.22598063849767974
0.37288717025463763,0.20692228452756195
0.3807467219242962,0.2065640969240594
0.39695841113807695,0.20930662653709212
0.3783917959728197,0.20889403426355266
0.315430758105706,0.22987319449408541
0.4037914860539545,0.21582406241483507
0.3582788642850777,0.19982042534485653
0.35201849522099604,0.19273425133941732
0.3928906807836259,0.19539095001684118
0.34609958332411134,0.24764439036048247
0.3739344759444333,0.21782457735116795
0.32058719479171577,0.2225008503843052
0.32895566003098736,0.19225562096823304
0.37256591496474956,0.22477774348526833
0.3509228171510854,0.2141378774258451
0.34280202482862754,0.20755617042668223
0.30579653286196934,0.1980307029222758
0.33940836844909267,0.2282112003054319
0.35208613487677415,0.21041212487802585
0.39203844540361205,0.2088236665137397
0.36008620295639526,0.21087114493426284
0.35758143757211525,0.2345901863943107
0.3594098244446303,0.22237887132253784
0.407238480051612,0.21047583171864093
0.3151735649140977,0.2113602440742956
0.35357524850663324,0.22532089153625093
0.3463897221167241,0.20337664734847272
0.3607880044205646,0.18801662487699408
0.3569088033312484,0.1906245023356614
0.3648297512321887,0.20034185984807787
0.3630825144819892,0.2207413978449199
0.34654262582810164,0.20943319626105417
0.34689899674036795,0.21524513823475835
0.31716701648805173,0.21051941066677662
0.3793357651803078,0.21260953807019392
0.3682014093468462,0.21126531634057497
0.3306144444133095,0.21257684571790694
0.34656641204426514,0.23360848867082198
0.3373187697971802,0.21710261968561456
0.38530521647752797,0.20545679501675893
0.3559371499756008,0.19290143515057923
0.356224006610084,0.21939207976352904
0.3800013268450104,0.1969091181914167
0.3840221569201795,0.19359776471714268
0.34458093310306837,0.22751951742566764
0.3271490129074054,0.1838277210188564
0.3462893037042386,0.1792931373367246
0.3310005446462689,0.1994656959078559
0.3521862686925107,0.19823123317065816
0.3449620196274712,0.23603008515276389
0.3710664852712402,0.2443684214846413
0.333572786200014,0.21587337897835596
0.37266186097775483,0.19975958812470238
0.33305423723141153,0.22678104764084853
0.34459325780827993,0.21294706874165464
0.38500608619427523,0.21356737379558066
0.3896801018332151,0.2213140751547476
0.3814352193764863,0.20310275579873274
0.34411410438291457,0.21304595442396526
0.3836744393979055,0.19404919589791442
0.355607183639926,0.20256802421560718
0.3413897008643303,0.21615159713444398
0.3261071943078839,0.1956490091659235
0.30545468701247025,0.18219593389323707
0.3594880436856781,0.18391574182680018
0.31385227065954163,0.22155313110076097
0.3314612867278578,0.20860005211393245
0.412393302852693,0.20103597006502594
0.32705946984692585,0.22304501753894887
0.38928363230799634,0.1843751910685114
0.33722648805434285,0.22577468539176657
0.32174092351649464,0.20447607571313717
0.3698674022298927,0.1879539977473492
0.3682222520258133,0.2309097311348383
0.3353369408680929,0.22117163837173986
0.38341797587691817,0.20949175055669023
0.35861381134137593,0.24474643020273934
0.38318974642278253,0.21825925339527152
0.3540579767349719,0.1976631267535673
0.32215076815373256,0.215410535596392
0.38545665582532534,0.19948302468505155
0.32838516575330606,0.21794708616396732
0.3584084370233873,0.2171360809249333
0.4028612820596708,0.21555069430773985
0.3945111146019006,0.21693992427128878
0.33075573860097374,0.19859986590421064
0.33149572469488553,0.21491456943176312
0.3456424230334157,0.21364414764036627
0.2871106080925989,0.1846360608711589
0.35235228705955934,0.1703517512565304
0.38717887284767755,0.1826189869948361
0.3924605911964253,0.22723251732884722
0.33799500148383316,0.23363812415317264
0.36789619832176434,0.1892864772494795
0.32015549262193055,0.20621543211573803
0.3706264533644899,0.2348888615491798
0.3734457052018854,0.2043892320476513
0.3532803107817986,0.19467594522317316
0.3997483207507519,0.19250781465557584
0.3824442681730956,0.18837825789502266
0.38277900747251176,0.2089947768230495
0.3487858401028108,0.2135991464170133
0.37913042403543473,0.2193986224695343
0.3557411864574174,0.23848212405567734
0.338803012447256,0.19886643113163005
0.3038307559648605,0.21379319560424878
0.3633257323434531,0.19915952673903592
0.3756554003836556,0.22212521003826202
0.3062664859173897,0.20228177827000213
0.3632407803677432,0.2020269925998984
0.3751703329001683,0.229750858252366
0.32551998142448085,0.21448591447427107
0.36682297971062555,0.24356024899570006
0.33881344377149414,0.21028981532309518
0.3282699179902873,0.2177970954192954
0.34048240427180954,0.20609163775131248
0.32782607539553843,0.18761420505998366
0.3826671014082856,0.20701154531961002
0.40027821324360685,0.2051579840274453
0.3407811129784724,0.21992311941689544
0.34031503384315925,0.20511063560216805
0.328091688327735,0.20863352654452602
0.39616650612713833,0.21417968438184548
0.3604578325684521,0.1763261703060274
0.38461383183386133,0.20130356557810036
0.39715912596258623,0.2150565333822848
0.3945441259167631,0.18769765908211006
0.34611469436473374,0.20984905128327475
0.39082687568276153,0.18871539418002875
0.3594348188518639,0.195008540003528
0.36617879584117463,0.21304154266320316
0.3250328294151611,0.21387538955200502
0.34599215689974167,0.2070152384703721
0.3841448490397312,0.2091461575594107
0.343631487330228,0.22389815411764016
0.38326603774145124,0.24929565313202404
0.31631321644567845,0.22004818842232673
0.4248361225317947,0.21079260896740717
0.34474159519309305,0.19138576549015535
0.3190536350565666,0.2154747488361911
0.3823324764128677,0.1989125345040372
0.3937302950531189,0.22849463135444087
0.3726031407691633,0.20307576910754593
0.33840736237062363,0.23512604497232134
0.3140634134354475,0.19829029081266814
0.3419688936722236,0.19661695118646058
0.3241833029887348,0.20107830953919148
0.3453493184949386,0.18563425680640033
0.3668260159740593,0.20288577928717907
0.3619611212222166,0.23058542528300122
0.35557407979474137,0.1984443115831437
0.31451631623768755,0.21642348175507478
0.36606658604525083,0.20694999273191092
0.3839152158458176,0.1941045064757192
0.3320391068768781,0.20593686256614693
0.39324079568193754,0.21660461543244333
0.37898168565538315,0.2094558159301227
0.3385983417105825,0.23005926904975943
0.3403888047586133,0.20013202682960154
0.3979533192871059,0.2003223693950786
0.3868236859842053,0.21786753198728867
0.42552930399626865,0.21207170341474524
0.3582218512815731,0.20480252058840642
0.39081632196660526,0.2310540549380614
0.4187620777606007,0.21328862224550119
0.3577788916130651,0.2117311399154373
0.3793050717502002,0.1950107554334183
0.356473236382418,0.1873087294848581
0.3364489680838943,0.22617351704397015
0.3836685341996814,0.19273427850498376
0.3351489065592413,0.2063017333293848
0.36250203582587515,0.2021824542045963
0.37678193534877447,0.2179086622891219
0.35028361279331327,0.22719878063335808
0.394035372812521,0.2173699107653628
0.3317935216172706,0.23087685794718468
0.3739044292399178,0.19171524531048123
0.37705067494250244,0.219204186773307
0.337336102546889,0.2385483408300263
0.38077636627763656,0.20541173095931253
0.3516338927278309,0.2562283987269007
0.3422478103946003,0.17623099159739783
0.3279121361346985,0.21043027664122863
0.3463648895672817,0.20478438317509157
0.3408008912182222,0.21402119058330168
0.3464990211933584,0.19042059222853855
0.2988416590816312,0.22361100057050753
0.3608548815919931,0.2336546335186742
0.3940245538745203,0.20728005462205576
0.3357336129832519,0.21191371621116364
0.3605211428489905,0.2249008833127721
0.395448161905324,0.2057947092073159
0.33869105240448427,0.20496055388209364
0.36494402084930383,0.2217594328480125
0.33084584328505884,0.22864050693976803
0.3736335676734687,0.21779753759222137
0.3819811263052113,0.2174124080242782
0.3560862441012087,0.23549973889008557
0.37026704673198085,0.22046698173955617
0.32518972093642157,0.20263562118021916
0.3513458897955222,0.21510832871303065
0.36661042328091914,0.18216469451213485
0.35575462327389623,0.21988158625123355
0.3388850654586882,0.20700125026490646
0.35765575592788823,0.19117060368667704
0.33529936162730095,0.17514235448246737
0.36005344616220064,0.1754144680452453
0.2981879750012275,0.20378663197457264
0.37369565659696535,0.2134556742613613
0.3867184826410573,0.21289701842425932
0.35142600283175807,0.20435112749701181
0.347088317372777,0.19065952803337216
0.37166927464137317,0.19466441243084956
0.34646941515672575,0.20732670182693153
0.3599761013407303,0.19712401556429002
0.32078033816537166,0.21124646998492283
0.341172995287532,0.2241407795226941
0.33288714271678355,0.2212822971339515
0.37799882918311595,0.21830790149545007
0.35138383777119453,0.1913149236162796
0.32461897950686774,0.23135461222138656
0.4045803675776138,0.22912454972019675
0.36632278383538025,0.21524980633994553
0.3017661851235723,0.19865817178005768
0.3735689723297434,0.2197511517618576
0.352300623205579,0.2249715371946734
0.37454356418728363,0.21081547762618075
0.2994739710521302,0.1933700684945403
0.2892958881832321,0.2134133585750012
0.35219477226082074,0.1887512607495562
0.36593909562562515,0.2059137276802881
0.38754872209689134,0.1930374350680413
0.3790980906233081,0.22007399890783244
0.3442909382581277,0.20931505825122995
0.34445258825887093,0.20655788623995425
0.3265222513257522,0.21220407775045688
0.362096133035744,0.22854310411706905
0.3552019813164522,0.18938998894103395
0.3681092256920626,0.2049790745438204
0.39525613442632196,0.208936488603351
0.3039912063611515,0.20421088799401665
0.30131647067053396,0.22715981395731455
0.41427250282898476,0.21567590363094635
0.30291375898883227,0.2004667666558886
0.3940929324343861,0.22226609790723592
0.33650614756198866,0.1827545002951813
0.37255417131679314,0.20200045109854278
0.32388135976750587,0.1912183571274118
0.3544728202753292,0.20673780788740675
0.36747628111177516,0.19194224203999918
0.37778766777318096,0.21817543054472102
0.3637484891546914,0.21262966987722
0.3280803402777483,0.2354120977930831
0.3793016278776446,0.22252362501006145
0.34150939041811296,0.20238642354104258
0.33605018160048616,0.2068462719877954
0.3549772578613228,0.19096080465636764
0.3828070477284155,0.23352706572698223
0.35067497234727824,0.19988933526747354
0.3637632539946063,0.18437111063811973
0.40220759959618474,0.22836920411112874
0.38734450028082396,0.1786473944016762
0.36059501629761737,0.21712354388159413
0.3196525872428088,0.20479586894443558
0.3435219309995818,0.18710541047098006
0.34138806315098025,0.1957400007862474
0.3661369756138834,0.19971276090608042
0.3297098153318255,0.1935956962455186
0.32623247396446675,0.2148382547436735
0.3453837585933277,0.23346005647499385
0.31119971647365147,0.21131832157793573
0.3578152106880273,0.1951841072147482
0.34009724650783385,0.20868833288859803
0.34501903542988227,0.21131483427401415
0.35712839278963066,0.1938712617624955
0.40416132433100604,0.18353185123712146
0.43363851619230853,0.19023243373842252
0.30533025720200746,0.23256491667150245
0.4200281517314267,0.22229064325884687
0.35799824901330013,0.20463794572079555
0.33278601824796045,0.22196427370503702
0.3233595731919725,0.20764115641565675
0.3442169237661037,0.21139115599018257
0.32426728075002675,0.20279788917171362
0.3528842820363971,0.2024218802741618
0.3672867169181212,0.2127266486366285
0.3571809411111584,0.22018290093635184
0.3360790316101467,0.20644686732089126
0.38767626900612506,0.2184460933300128
0.3656209871468918,0.2013977870005997
0.3672465004647995,0.2386659439633786
0.3378579995354642,0.2061500169762654
0.32926076784457187,0.1979922524945627
0.37923320605788813,0.22513824954433911
0.34711503673632843,0.17162088717833074
0.3665801951738502,0.20010611345841608
0.3982968015600005,0.20118521178180165
0.30374910077755635,0.22565883610630252
0.3182088468949271,0.21254686590804892
0.320203592847803,0.22443927686404436
0.33576339267094785,0.1940954472980738
0.2720383552388926,0.186328091061576
0.3198141132121109,0.20683314406246456
0.3653569656330365,0.18097033239842364
0.33298655975734337,0.20251383211274365
0.3760497876928901,0.1840708801981582
0.36217306143714184,0.19822278611214397
0.3202966398932512,0.192805366057812
0.40256694409221816,0.21470249616132686
0.32432179172073433,0.18902016907318597
0.36069450679502135,0.2111313939245799
0.3312932010571521,0.23595666381927727
0.3905000210729342,0.21852869948059217
0.3731138509398045,0.21071247437423357
0.3408095291856397,0.1958237173319874
0.37075683404980286,0.23723103106368182
0.3256401420791122,0.20965787977597405
0.3870616181095414,0.2165192904416331
0.36682176058006627,0.18981228918183252
0.34476046714193975,0.19608445962087875
0.35081228083089405,0.19160875134651384
0.3610797049172264,0.23505638186937938
0.3908417102214226,0.18365018670201344
0.3689442724219512,0.1871796333396356
0.38073417278411853,0.21284213991911205
0.3232284044877019,0.2030479145934671
0.3161999890290722,0.21479819397398722
0.3275510787262964,0.19853960109460383
0.35553452197982005,0.19538340131102538
0.2995650204633319,0.22710094542771628
0.3493083553549354,0.24669528896115958
0.38486309302684957,0.2364659244825042
0.3934256293632634,0.2287969835982591
0.38239379788346667,0.23483510486417375
0.3583324716122172,0.19948008663754083
0.3292520275349042,0.19569978122784176
0.33290935741938094,0.19834528653812067
0.32501692273731797,0.1805951731022789
0.36582081469639566,0.21441920391431057
0.35952766868527847,0.18704114991557544
0.3544539973378745,0.21217468646442042
0.36199050717764303,0.19955997167484765
0.3463313721940972,0.2065716043847607
0.3633192985349336,0.21765761613765927
0.36497328660070844,0.20680234566114342
0.35406220263705335,0.21488359772909044
0.35454519603952905,0.2239803988936854
0.3624429321770664,0.216793858640802
0.3519328570114547,0.19329108708829706
0.3817650952844347,0.19905914750292955
0.3640002937234286,0.22824640784520822
0.3772674802029916,0.2041136836213267
0.3365135379089281,0.21374881839845236
0.40445984460071527,0.23491366389876686
0.4285997450445711,0.23676139555046913
0.31670287497876654,0.2056946782269352
0.3804784729741499,0.19823487603642692
0.35632436641069615,0.22831138203877857
0.35725755074048426,0.18887432382266728
0.3934206375299115,0.1865888323654104
0.3154824595670162,0.21370296054990096
0.40247633006421973,0.2223029464566748
0.34700789061258125,0.19780965340249956
0.35903776506022594,0.21408326855718254
0.33382173113123204,0.20619533189777967
0.37085337427939097,0.20503528152143147
0.33094475754500097,0.19868631745611076
0.37156544114463314,0.19192022596714625
0.3290796226732973,0.21923956685653462
0.3732194468307735,0.22892845876851295
0.3985058350366175,0.18707935099303663
0.3569856552386022,0.2151631900893723
0.36296485235989495,0.20823496387647886
0.3629846735395157,0.22234285804151585
0.3663471203496488,0.1946063035821681
0.3496174997430183,0.22651486211274868
0.3436945760940504,0.21477613587258962
0.39792816792354946,0.20740721109461563
0.3699277308580999,0.20926895619975525
0.31431427144381296,0.19921139310527378
0.3094130181327156,0.20007654871624259
0.30666457442059236,0.18356673443885466
0.37279137829002434,0.22519028224531273
0.31211888676635163,0.207344306223252
0.38692353658655704,0.21469277145308524
0.3299085740070275,0.22634305940602428
0.3307690934188011,0.22411732303499146
0.3685588694425626,0.18684892814538662
0.32956509811026874,0.21143978562388435
0.35582506214472404,0.19717667005647266
0.33852965149996683,0.21715274519708272
0.3737839391129169,0.19466511116937105
0.3633271734471661,0.22924129656850906
0.3912048694019244,0.1993731820119899
0.3798476608435745,0.2283673427066555
0.40792062331208656,0.19835799669206988
0.3190095040322044,0.2237766522576035
0.3537799531073225,0.20784631987688237
0.38498484262356714,0.21477029402000986
0.360856269514714,0.19594667091754975
0.3222232161093362,0.19821024077515328
0.3723143702056311,0.2340989168636936
0.34384758984124475,0.22135806364569516
0.3737277697411056,0.20857948769669532
0.34449719586567795,0.2137449517591327
0.3309235187723654,0.23281030571146555
0.34756747541129096,0.21221200722139139
0.38999558214294466,0.21758627855261878
0.38255848801225706,0.20523741779488575
0.34383710241283444,0.1932037420899238
0.3540124401443191,0.2059845153832367
0.3573982093044742,0.22320293680082215
0.3489722644686348,0.19635151170370524
0.37425369775233314,0.21751187841150413
0.353707319054037,0.22060722493142665
0.3441293874131488,0.22199399783600876
0.35124916702694814,0.19643201470297222
0.3483255781080933,0.20363994814622283
0.3309025618970304,0.22677512247975437
0.3318161113689416,0.20208714670977204
0.3171684617595568,0.2554175862843004
0.4003206271496421,0.20548104558350122
0.37277125105233827,0.22041214345366764
0.36848881630736313,0.19657281371396534
0.3626650779494997,0.2295112537809403
0.35224042623959617,0.1834232019423278
0.38790098081063235,0.21581380768343744
0.41362725161337793,0.2093079652858091
0.3365613713482654,0.20687070737009464
0.3684075351425648,0.2303505087749515
0.3479223899066554,0.20721658911016516
0.3574145277191686,0.2316608559512459
0.35338037084506335,0.19181529138814482
0.2901739729132216,0.2090278250201828
0.3745859127747035,0.242376120633658
0.32576573724749613,0.18372338655067544
0.3580767984954698,0.22004641740401612
0.3342934265430041,0.20287403489787104
0.3666885641614004,0.23228745143494878
0.42539919591828923,0.21107773933442803
0.4154259296552921,0.19303329487353177
0.38144434709777314,0.25334570089557773
0.36914196423032264,0.20834415738443507
0.3612421222107733,0.20213094569562085
0.33576990159493797,0.23243402038215807
0.31864508992275853,0.20620607359284596
0.36603490504415326,0.2167771400809665
0.3558402032003106,0.19953714731047553
0.4096801058733401,0.19660221045482595
0.36752020957149967,0.22136816643312515
0.3486155820596554,0.22833320225751536
0.3872753142171266,0.20058173549858524
0.31330289141856504,0.2132038911050618
0.3249538427653177,0.23685032486722504
0.36753224280494434,0.22249566080316147
0.3735104824912359,0.21706059300827982
0.338777497112308,0.20749990738710322
0.34693589621914306,0.20653431753109447
0.32540836363080267,0.2208764265653095
0.39020955106365485,0.2163734730470718
0.35461138947281523,0.20058036896060957
0.3413979157711317,0.2034954309149483
0.37430990192154134,0.19299725735104536
0.36805921976455297,0.2051088442267734
0.3353827482905484,0.2137971764054588
0.3488123746485195,0.21049350919398493
0.35711502960676267,0.20946463363970733
0.33014634286205713,0.1879988884726433
0.3452139259884376,0.19254811751982231
0.38555557008526736,0.24287653496658904
0.328047404012635,0.24125180283098402
0.3227962795600451,0.19838614976036578
0.36063544735455916,0.2114364755020688
0.3595788583303932,0.22938324173590588
0.35365710446554893,0.20291069844690204
0.35460855825907267,0.2179913400523845
0.4338474882977116,0.21753556411529468
0.29843088199050793,0.22744969030765158
0.3602559205490574,0.21756120624148556
0.3304922328378456,0.1937994079543516
0.4113686749855546,0.23105231095084608
0.33709132960794835,0.17505003918849069
0.35495935573957715,0.20245974196599215
0.28831003785313497,0.1813887685404498
0.40083854090917415,0.20063722583729837
0.37212407257601815,0.1932996021196112
0.31240612254386524,0.19641671211978703
0.3624189631410701,0.22150692003570824
0.3583727164633162,0.2236548787667924
0.36141642752923925,0.22488128514954575
0.3602884948354545,0.22967229301444153
0.3492509146094449,0.22224212587631387
0.363854902124118,0.21712922486931568
0.39097239618100704,0.1961983428868285
0.35384192335715053,0.1972880430618548
0.354072949724339,0.2297691971141882
0.40123001141691117,0.19133291845125258
0.3803944904606633,0.22333761586836506
0.34772068524525285,0.21294706874273445
0.3375561053066446,0.16870002101515533
0.3852998541658824,0.1764716180043172
0.3289676442884581,0.21909993662121638
0.3695353136792487,0.19474080528654295
0.352453197013796,0.22547537353234906
0.3765918811089087,0.19422165910852024
0.3550857204215798,0.21699051322309854
0.3718154729581011,0.21295046385117186
0.3912815402814745,0.20913238924910157
0.34390807156394254,0.1887936001985907
0.3511852106944953,0.23844677627475397
0.34646006899376597,0.20886216140293914
0.3656421923149106,0.19114880128198838
0.38480212534566033,0.19792846615930562
0.33830536794851285,0.21763756405427298
0.2846852138432254,0.2089480217872213
0.3663166219498626,0.224998693981788
0.33352352552998293,0.20265552483644303
0.3948583490199513,0.1906874640642354
0.3531353696803654,0.2228798059869837
0.37875397314844517,0.22369028117640208
0.37290520089368984,0.2152420076460072
0.40910834503477905,0.2032177732980887
0.37461559409445905,0.2246524470849492
0.3205492867343728,0.2026136217201884
0.3443728345631555,0.20275396760907102
0.355864610388061,0.19421641965534966
0.3781335378354287,0.2043226717055389
0.37733597260472024,0.19214819711440054
0.32143562142044607,0.20676246401946968
0.3673492645092277,0.225616762165951
0.3440090845909947,0.19439232490483876
0.34565731755736134,0.23470243833581528
0.36648721872361156,0.2138657204647801
0.33465896275516294,0.21151029623308054
0.35176028721865776,0.19199911181528595
0.3934560058166953,0.19783080357456526
0.3983272465866775,0.23740888984368425
0.34374919412176935,0.17909704047947372
0.34907127920837255,0.17667286460845652
0.3472642476310141,0.21261533157012832
0.32836064824137234,0.18435033895498087
0.33787151667171333,0.23075337731626147
0.37218852226397847,0.20674494249327247
0.38224609942629173,0.22532239715750155
0.37064819782032205,0.20624706938121098
0.34777094460173613,0.2295934992448128
0.36856732214186516,0.21086632251884743
0.3617683667333913,0.21722907691798163
0.39470696703676833,0.20793774557741548
0.3438331931460859,0.20669361809191755
0.2824733691596644,0.2085630150346177
0.337351701407399,0.2046855465765945
0.3378699565483043,0.21838164063981824
0.30356802827078283,0.1908144894880983
0.34668610229474983,0.221056749392481
0.38672000014604585,0.21633727514732948
0.3410428678602797,0.23048610239432607
0.3521910798889046,0.20470446945520301
0.3703119973133217,0.21016758976242436
0.3888691786828395,0.21007092980430292
0.30821979574561603,0.21480405172109954
0.3388888595180221,0.1915319123236145
0.3739416256895312,0.21687826895060514
0.3413057311739166,0.19861623672929837
0.32122127818467305,0.22841793935770158
0.3337092082679779,0.2352543896700501
0.4005365255027584,0.21051144630380816
0.35443860211329553,0.18672570850161688
0.33407166663249876,0.20477324770930388
0.3190524397099624,0.2305021765518083
0.3468683354668274,0.19130874835662126
0.3618477444599106,0.2455230158662586
0.3813288099736631,0.21424016402905258
0.37339312742936726,0.18339895634570505
0.3313407425005354,0.2187980009885542
0.328268412995166,0.2167764330562672
0.31254094180761266,0.2185312268709065
0.3840790850925936,0.20502562355264622
0.34626969466239976,0.18918239500328857
0.33169592104158047,0.20597053070540747
0.33056144526491726,0.2348305994570987
0.34505263291234967,0.21741190057223647
0.4011060275302352,0.22350430099125365
0.35905245292548343,0.21330996998541385
0.35623211222118106,0.18771998878245166
0.3346115837271163,0.2169462448924771
0.35752858741823906,0.23151907319332024
0.360661665877445,0.17065369229676525
0.3491406733395227,0.21222417796965748
0.39053808873081886,0.18600978581657454
0.40740622858897807,0.20398266709717874
0.33544442506440825,0.22462066641153997
0.34948286261286954,0.18610022666317957
0.3468749749974367,0.19846929863106216
0.3880050564747216,0.1976198966752759
0.30358951606818413,0.22129203541005155
0.29964737381328427,0.20300324165774086
0.3047992411478359,0.21712992605777304
0.29277020061127085,0.17872532429598587
0.34291213282129396,0.22313610236728756
0.31749183570130696,0.2088348118421565
0.3510772156999743,0.21529182757127352
0.33666889222631485,0.2067876103619073
0.3248988179603147,0.22063038008313632
0.38252997012468865,0.20588637220196893
0.3677758727586532,0.17592493073712118
0.3451531122526796,0.19372739838562306
0.33760822516339606,0.23799583308056638
0.3689206716756781,0.18443317497212028
0.3780846284091304,0.2040463981061883
0.3874198089627789,0.21137936805757837
0.3467680195498384,0.1986574721097838
0.37012117677176737,0.22790981266247393
0.3889304331858405,0.2062300391952481
0.282549870648313,0.18559170581463147
0.3508382555307093,0.1821202679986221
0.37325122904295605,0.20960387742122827
0.3878559427037085,0.20843257686268818
0.3555180690398578,0.2025458863141965
0.3272219605256024,0.19694765220162677
0.37188646826156946,0.20647034697913602
0.3896331386130122,0.2142520174800054
0.35193296597399637,0.20520157314743523
0.40783027981168374,0.21708491037149202
0.3499865735425731,0.22925484487336395
0.33708917342475225,0.20443364574217932
0.31381368026364836,0.19737539948161445
0.3624066545625271,0.1971809917591976
0.38498897539177446,0.22657050022155872
0.40427638218870227,0.2184707380095767
0.38812083600464387,0.2076146866894778
0.37784721835111973,0.2008391959676817
0.3200340772101673,0.1925313364040586
0.36786013801449613,0.19938406433002484
0.32008791453503543,0.23072460933484595
0.3915935423450822,0.17914784300843353
0.4353036246707013,0.1925361329703598
0.36595736211770696,0.18754131928234133
0.3667003502449504,0.21499387165289452
0.35182032647419215,0.19710327981497103
0.3628915422256158,0.20747094866082655
0.35387172313064796,0.2036043123935438
0.382172460152927,0.22438037641551706
0.36160684866030535,0.2270730343654717
0.34921728382717726,0.22211455519631385
0.3259211657792141,0.1748417475252241
0.3707591416753069,0.2286160092342608
0.3468713715720442,0.22588952102942392
0.3190812453573374,0.19838977142841052
0.3286157648026677,0.24184484812975923
0.392909493268446,0.20913724825409574
0.33097068808446267,0.20574477240839523
0.3231217070386148,0.21647138115746306
0.33001838129412686,0.2331798860647631
0.37434419613116404,0.19879541849486004
0.37979984037466624,0.18493715282156764
0.37492848434888365,0.1902693116240042
0.3227926558050641,0.23097730654207393
0.406840134454571,0.21867764480609647
0.34046342479681285,0.1974943700424488
0.36635431616477787,0.2296610809553298
0.387749879499539,0.21734566021774843
0.3150891229265186,0.20219835883331472
0.38786604147279174,0.22589693839216182
0.334915508307893,0.18511615474108103
0.34894684271167997,0.1896053047580816
0.36368318446011055,0.23649333850476134
0.31835653867664665,0.20780791456677183
0.31549964560722826,0.18917806354290836
0.3563275328224569,0.2380999405332467
0.31651501082148137,0.23809097850189254
0.3410164098277009,0.2214026125004771
0.35735213656711917,0.20906041319964389
0.31476437759482706,0.1968855554965962
0.3397981895195467,0.19763025339848936
0.4035097142049691,0.21843811252753714
0.3771577326081168,0.22246867413099916
0.35972395545300867,0.21417939592627233
0.3210176847224322,0.24685727905608212
0.3569168608599588,0.19275588728173973
0.32915305513906873,0.2085700734711755
0.37069119171696124,0.2363658588417291
0.3324641844358848,0.20611457101926678
0.3659537190214432,0.20484708615289787
0.306803185012822,0.21267123043537978
0.3412508242056339,0.21585735171721515
0.3982735110540384,0.1978034908168237
0.40105886550423203,0.19090788687002178
0.3738928188799072,0.19093513425688458
0.3871235384509017,0.22265278350356105
0.3378508171148933,0.198467514532546
0.35657506736617806,0.19976986003288988
0.33706355754985556,0.22714534619840282
0.3326558062853459,0.2331716166627109
0.36564469841371494,0.1684544162958493
0.3593665919896757,0.2020889467587779
0.34424700694174826,0.21349997735970064
0.3282741988280434,0.1782636045045858
0.34135857145765514,0.20135673753570757
0.34466647903321657,0.1994059235849049
0.3907905970452054,0.2041857007312016
0.353716909855651,0.17238450054401305
0.4067785670222374,0.22489304792266337
0.3535278804589893,0.19705583873969593
0.3569068880609716,0.23902029568769612
0.3631320649538472,0.22950934413046153
0.37584142426808176,0.2039665453984357
0.38403043061297726,0.20871025050676698
0.36281736934545583,0.19918452056368693
0.31187754600924167,0.19239023881823591
0.31147343664651544,0.22199792097156365
0.396555882024967,0.20151442673066586
0.36797213422775327,0.20054703091525003
0.35252529910499897,0.20228199655937895
0.3217750701088546,0.21634119163824822
0.33810684102771177,0.19440428821884737
0.3197609064548601,0.2195479320198086
0.3771806336013624,0.2129986181033614
0.3298520018588389,0.19484147104945154
0.3568784206008428,0.19052521427233374
0.3497859479679466,0.21367167714391125
0.35400364200674683,0.22373765029119336
0.35159674622493614,0.21092406919152226
0.3333182699235724,0.20012892981217323
0.3164645884465902,0.20239747347320874
0.34129515328207755,0.199608780668948
0.34265482754611176,0.19159257333280547
0.3725191947798696,0.18293934077000035
0.3206645702013119,0.21225643035512765
0.32393710947754795,0.21692307376876835
0.3497043783101797,0.22547186397947935
0.37134532183110414,0.19687751593866692
0.3132767282684065,0.1985032420099599
0.37752523190613524,0.20494869413484793
0.34494544593447113,0.21431458111457305
0.3163667679004573,0.21305193892472582
0.30534969984217863,0.2033897913532573
0.3614775332091741,0.2073012926371109
0.3544970764624989,0.21085961390974783
0.3358118349353869,0.21029092412074
0.3305139652194266,0.23203664308201283
0.3455109032453619,0.1951856781955513
0.34055730873776446,0.24215506825063368
0.3495341433992094,0.20965796019236732
0.3816536649740423,0.22046929202077695
0.35333844821084853,0.2212237168064894
0.3630146256520762,0.22101927008962763
0.35948372167811304,0.21134061046757058
0.3157182883016093,0.21074218060536465
0.3562854462966848,0.19761632420809727
0.39603943970877475,0.20923978592695375
0.30966373321393087,0.22120674378764738
0.35684499064100994,0.2070459981904599
0.4156257959901778,0.21273876742710912
0.35697994024309926,0.19544900421668565
0.3636695126613309,0.21052425376827
0.3711179755881673,0.2076773286789304
0.3255712338860393,0.20953483845689325
0.38995314808030257,0.2041600991848429
0.33321023152329193,0.22039717010510734
0.3662179176724505,0.2338285465574611
0.35570282509715906,0.1964116020365626
0.2902851682411657,0.2176797352103982
0.36459494240498624,0.1868749373524623
0.3519162473143468,0.18828540362278834
0.36224476022853874,0.20150455410700227
0.36715395539994305,0.22012864126763398
0.3824593135715603,0.21107156371451458
0.3531492381157892,0.20342472288723057
0.3664826848496238,0.20070979176135711
0.4019047129955366,0.2092226032087366
0.37077160125758174,0.23247101493936462
0.39396250104323105,0.1803141796406193
0.38760139669227295,0.19705345040669214
0.3710888120418399,0.20731249821824227
0.3873645037322554,0.20465030790666056
0.3422548279361917,0.23340394722528865
0.38505203417769734,0.22702281808249505
0.3681117639820053,0.23871727941279794
0.35184073217118006,0.23297993784099072
0.3449574055046771,0.21312805343905855
0.3718656084183375,0.24884037504292936
0.32091642712576746,0.2139948788494721
0.3149590524085839,0.23320476198442036
0.3255909038457304,0.18425010084661597
0.3789745449373824,0.19767385094807846
0.31690697638834797,0.20071989152054542
0.33906204284568775,0.20006836296342528
0.3455438013678725,0.22503551264383065
0.3580117172225967,0.22368571141276014
0.3903194689745757,0.21047256536117098
0.3283763301348615,0.20931368640590384
0.3415638073247577,0.23220299327427116
0.28972416148997904,0.1955614834160634
0.3797532397092036,0.2069419484296228
0.37815418204643025,0.23263728951618437
0.35527865462283115,0.1937862813597973
0.314472189470591,0.201110539256405
0.3616898306138195,0.20305805220511483
0.3970309262372795,0.1977768222902729
0.3780892735239301,0.19480012475233544
0.3736466138987814,0.21820080227354574
0.31931125054190723,0.1934326446081181
0.35781632215068493,0.1946036086458258
0.36229640750551345,0.20985404217734896
0.3280495952786516,0.19819042754552685
0.320307511677071,0.20322327508776003
0.32022070133649366,0.20034682006644475
0.3641794704935018,0.2037448158161069
0.3892591566785916,0.2048241818352249
0.305258449093672,0.19934785516952264
0.31265594907580435,0.21887708485170726
0.3437118351666884,0.2348456119061244
0.36146994903444196,0.22937892282681238
0.35517314245780396,0.21725290689544308
0.3209043814355565,0.2154908542568617
0.3717341836289122,0.2041763053853851
0.3705387761610335,0.1725934934977447
0.36263855032048903,0.20767397034936838
0.3469573840165443,0.2107023524341395
0.3376960652480484,0.1755417428813498
0.363928717432308,0.17575939324722412
0.33827566293417466,0.20625023501728368
0.3190087212424641,0.2429526047875208
0.3530295478653045,0.21326255808513983
0.34687600917534894,0.18722391015234166
0.3951972081589236,0.21709756103646535
7.552246556677956,10.569964104568381