0.5685432199590861,0.29074014337664483
0.571235309509318,0.3070231312458703
0.5560228621431096,0.2918299092770477
0.560539097710192,0.29626074328294216
0.5285068776888271,0.30242219806245557
0.5608491296890272,0.2833143952165524
0.5534395401294854,0.2938049868659816
0.5392913234022931,0.30406451955599556
0.546051958896641,0.2827252035748163
0.5381674056506007,0.28791459327485786
0.5766874940754751,0.28833004055999634
0.5667456755550792,0.28331439521655233
0.5569306270800217,0.296687400870978
0.5531984661457876,0.3008714347983885
0.5603669482198526,0.29874949956311914
0.5782444037801218,0.2905913140861436
0.5197635728596072,0.28663195322259344
0.5685708891813789,0.2957620254989411
0.5859844634292911,0.29477427199370143
0.565291745414634,0.295762025498941
0.53953533178432,0.30804610196114496
0.5375415817310776,0.2834424009861487
0.54728139294499,0.28793703836326917
0.5393586641439752,0.27211052997859597
0.547946254150472,0.2797584560472254
0.5562507862442139,0.2915181346405148
0.539951294899513,0.2821620087590537
0.552712017203877,0.32243618079059533
0.5718328592999863,0.2868657899541614
0.5206767015464815,0.2747162777396788
0.5360425737812514,0.28331439521655233
0.565616938686977,0.29397665066676765
0.5460847177051669,0.2944886303398373
0.5865157155429257,0.29205536513462094
0.5544212520490202,0.2814802718684013
0.5610482414848802,0.28900774386382105
0.542208317837635,0.2949278006661248
0.5746759579002498,0.283314363289184
0.5698743854605582,0.2869790142849787
0.5675593579322183,0.29464626622410506
0.5713772921265262,0.2986695301206753
0.5403023218329234,0.29871215309495996
0.5320161901840111,0.31443813366457174
0.5658559371463251,0.27777293983670903
0.5473651402092861,0.2845775879268294
0.531510888425678,0.2767628746398013
0.5189049342703237,0.2915314646752557
0.5305493098974909,0.3062596397714572
0.5637843242098298,0.30241338693198605
0.5412644762121579,0.2995663809242699
0.5596210161781218,0.2887977111445764
0.547291554229967,0.3110455115421598
0.5410442262887954,0.29266621536878257
0.5525202175853916,0.2860481487472315
0.5520647803712357,0.30645454606577754
0.5834648110888534,0.2960535160003535
0.5358283050012569,0.3099411635750768
0.5857432749712511,0.29204051846302215
0.5640807235676194,0.2747162777396788
0.5468867476551419,0.3238411482798861
0.5285135456262932,0.317035934422995
0.5641377695610197,0.28662376982798704
0.5558193980421506,0.29350463433142704
0.5603352028125752,0.30281196762164925
0.567545112126862,0.2980962378351655
0.5198685014327635,0.292576830271512
0.5549639987861902,0.2906310049480284
0.5633183969890296,0.30186304720137047
0.5639475829360493,0.2917011051191877
0.581112880549204,0.28972292472865324
0.5471313286973917,0.30631776207957456
0.5447336124450334,0.31093509373839423
0.5636055295410765,0.2833143951914044
0.5521332570255448,0.30796275262075684
0.5410758003747056,0.2693767764479167
0.5568174756622947,0.29083554968830816
0.5471954417553851,0.299486249482397
0.5712777784302747,0.2860481487472316
0.5544268635433117,0.2738778587770345
0.5321526928430776,0.28748088027399504
0.5540333565590682,0.2847007776242664
0.5408299575088009,0.2975775650381999
0.5289169391651861,0.28175992328657185
0.5556329921600373,0.2860481487473563
0.5477432263413898,0.29008662803507795
0.5808913772488713,0.2875346519639654
0.534710634628011,0.3135080181324359
0.5460823437377345,0.3021674206958608
0.5458983817071226,0.30997424226847936
0.5672104874378643,0.3021674206958608
0.5332248899518355,0.29464626622410506
0.547036016220501,0.2693767764479167
0.558503037807115,0.30666850302497867
0.548767841619104,0.30012958215212904
0.5368271631193542,0.290751592482345
0.5463682642581156,0.27211052997859597
0.5329848404104383,0.28379279803431373
0.5684441802680739,0.31176849853498784
0.5519789083515001,0.2950841963678527
0.5537681833705095,0.31488896717732795
0.5639715284471434,0.3062623997736636
0.538309436542251,0.3108854691660133
0.5603360873773424,0.3026232513289947
0.5718555350156782,0.29600701758696957
0.575292785920853,0.3084145677781213
0.5668188069989297,0.29541620492310555
0.5251524617476071,0.2833143952165524
0.5858800860328092,0.2943074940995777
0.5614619899705631,0.2838927296775406
0.5320161901840111,0.2971789262005411
0.553830328749986,0.29141522108435
0.5320161901840111,0.29275589416902364
0.5481450248815257,0.2839122718601441
0.5490834798962314,0.2862579603158753
0.5206767015464815,0.280558266699163
0.5507818335773991,0.2852209220399494
0.5497721088923821,0.29583056394608326
0.5449242206723199,0.28626693982286705
0.5420903239003652,0.2834424009861487
0.5619136620819859,0.30256408244227795
0.5528173247754431,0.28637105733873053
0.5649646345282809,0.2878154775456701
0.5402360261750775,0.30203496014055886
0.5568608534374903,0.3248837386160849
0.5232070800725379,0.29077088080074776
0.5576895424560752,0.29794237977850885
0.5404024218713958,0.298866491044025
0.5605917733645667,0.3117289887743968
0.5429624781090179,0.28711299205906315
0.556765966090162,0.2880947456473541
0.5483863212503498,0.28791459327485786
0.5757424123042809,0.2834424009861487
0.5498712783823113,0.2984798875841313
0.5373958470610326,0.2927019942159345
0.5285135456262932,0.2936896765471507
0.5374050790720111,0.27539875668039904
0.5377079774273958,0.2924001940929742
0.5339000713238233,0.29266665161593636
0.5632960072515305,0.28331439521655233
0.5548566142473443,0.2894715377403923
0.548873246271502,0.2829747394917443
0.5285135456262932,0.28331439521655233
0.5374503006155743,0.2941372124363387
0.5466533651001579,0.2719825242089996
0.5554465313611255,0.3081444402517047
0.5225629458767636,0.2972341134958018
0.513534909771979,0.29977839940574214
0.5668006399191096,0.30121462381355846
0.5765404511330221,0.2859938928074984
0.5731087596724038,0.2933798191019876
0.5704266666827769,0.285750825763016
0.5502130095218475,0.28991708921859155
0.5445145588999172,0.29026840549464467
0.5813843642429243,0.28731130953014034
0.5504043503652545,0.2981976609868621
0.5329906841374583,0.28161459516166154
0.526659521768205,0.3007495677932124
0.5867869715742694,0.2803786876229399
0.5596210161781219,0.29481291069684074
0.575742412304281,0.2931965567823908
0.5558771274730645,0.2834424009861487
0.522189840520158,0.2981238026573586
0.5429304706190775,0.27676992515007615
0.5651668093528265,0.29464626622410506
0.5468679439307632,0.2907708808007477
0.5519055743986082,0.28070864745546936
0.5551158738343318,0.2797584560472254
0.5533144160287644,0.2860481487472316
0.5572392845288496,0.27211052997859597
0.5576725037758526,0.31229299092317503
0.5323027570906761,0.2972940685651795
0.5321526928430776,0.2844816188064928
0.5773988901861935,0.29204051846302215
0.5861301980993361,0.2823558279900224
0.5285135456262932,0.2925626129941736
0.5439448146824394,0.28757941233512135
0.5727420076576606,0.30413105196245505
0.5777646111080115,0.2945837319208791
0.5374050790720111,0.2859022424882491
0.5484966654214202,0.29835743725625863
0.560439484999448,0.2860481487473563
0.5375415817310776,0.3164472716585973
0.5542317172332308,0.2918867793978777
0.582227472437102,0.30203941492626457
0.540099523516011,0.3021048864177829
0.5624916707577832,0.29263755390247914
0.5644029236667514,0.2896819220732965
0.5517841720983102,0.28331439521655233
0.513534909771979,0.298515206695465
0.5720664599986487,0.30414388645517343
0.5750353465135369,0.2860481487472316
0.5431711221700781,0.2908988865703441
0.5497946665142688,0.2860481487472316
0.5675385311750177,0.2986580215363932
0.5393003980021919,0.3080802957153158
0.5663066292480965,0.30136237194355225
0.5432958790108873,0.2821620087590537
0.5215146928408622,0.2950845524358929
0.5312178766249426,0.30673227615416837
0.5199522486970595,0.3061061430012541
0.5660102379734273,0.3023319346424499
0.5634548996480961,0.2826787504566134
0.563634635899237,0.27813966673283946
0.5560228621431096,0.2901483930577514
0.5674988534397057,0.3018630472013704
0.5757860814157003,0.2747162777396788
0.5932309966920665,0.296672379868979
0.5622600287993041,0.2794390097680469
0.5807413092113362,0.2851808397441787
0.5715586346077343,0.2927866099126625
0.5537658930190189,0.2806226962659892
0.5543930007019248,0.29928654657818143
0.5437386707327955,0.28715160727975786
0.5567851887216992,0.29464626622410506
0.5376742440047757,0.2719825242089996
0.5633375287091854,0.2947742719937013
0.5818394012675263,0.2747162777396788
0.5586553191813605,0.30355727275973565
0.5458635331168522,0.3008344461515504
0.5597588379573526,0.29464626622410506
0.5813284042958899,0.29464626622410506
0.5317075379306997,0.2719825242089996
0.549625065949929,0.3106959533843815
0.5476495375625355,0.2745703714806963
0.5560891060523785,0.30217490806428654
0.5375619833587156,0.2940994456025517
0.565065104075716,0.27540591320216024
0.5895969713980852,0.29676142948383033
0.5305427289456466,0.28070864745546936
0.5544209807941834,0.30483650533897966
0.5716646292725837,0.3117626330119414
0.5510822200569763,0.29942921237947595
0.5571672297775606,0.29344129744939107
0.5546098801868599,0.2974618255538317
0.5285135456262932,0.29053117619381774
0.5398852547360166,0.29584692465630413
0.5790053923172245,0.3031218549528933
0.59429625413358,0.2990147983770567
0.5597258098878795,0.2952722024507243
0.5382356212606607,0.2807086474554694
0.5363701628154035,0.2977258985141181
0.5661809181780062,0.29374834323861726
0.5726055049985941,0.29077088080074776
0.539284724624063,0.3039336568096338
0.5171740569887635,0.2891866166684571
0.5470589390963186,0.29008662803507795
0.5451559383923316,0.2768332620321121
0.5688437885360962,0.2952301026268352
0.5440353989244372,0.2806461131773914
0.557772603814325,0.3143455278860547
0.526913868202676,0.3100736371742948
0.5252889644066736,0.31127217040554306
0.6107384560055188,0.2834424009861487
0.554686138766878,0.2802566510252727
0.5257808591589169,0.2771527082861425
0.5339024345142932,0.2834424009861487
0.5366298313542427,0.2884845792936952
0.5607604552040961,0.2855804872528272
0.5842719288428533,0.2795036786807554
0.5494762484608637,0.2929464661692145
0.5548638905903306,0.28686578997930934
0.5728153527266328,0.2807086474554693
0.5436149940627325,0.3212584785263639
0.5668611192012243,0.2907075439187118
0.5488810703686071,0.2863822655064667
0.5554208059790354,0.2946462342967367
0.555078159370325,0.2860481487472316
0.5687046824174274,0.309927981555186
0.5732531507195155,0.3097313576311588
0.5830768446121161,0.3029409078467511
0.5353342780902666,0.29452540157493245
0.563584861502006,0.30210275180830026
0.5285135456262932,0.29368024883492677
0.5447471740335653,0.30604360872317615
0.558810006341418,0.2846012204843333
0.5573677972395,0.3075300800124169
0.5625844834160039,0.29387307714850225
0.5482396610962431,0.3147191719696538
0.569210353087545,0.2926028465593784
0.5470447902474511,0.28362691604812884
0.5375415817310776,0.2893976794108888
0.5533040865802222,0.2968569396874644
0.562449072354136,0.29477427199370143
0.513534909771979,0.29148714815998655
0.5375415817310776,0.30406949270840433
0.5644029236667514,0.30287634894510834
0.522426443217697,0.2719825242089996
0.5876830148083246,0.279511378619887
0.5408984916187506,0.29819766098686207
0.5408984916187506,0.29738001975478434
0.5498858986354944,0.2905492310763495
0.5464331151767955,0.28289527336236
0.5336658318167542,0.3025302834552677
0.5651011371873476,0.30044772241538636
0.5501429029606716,0.2921637081604592
0.517037554329697,0.31343219344416123
0.559532057806572,0.3161207771184687
0.5523837149263251,0.29210409466591697
0.5464331151767955,0.29924646428241064
0.5285135456262932,0.29077088080074776
0.5823330265435355,0.2860481487472316
0.5277964677160416,0.2884845792936953
0.5602527794783306,0.3072228966202457
0.5338587713390583,0.2875101729929158
0.5320161901840111,0.28871175995497156
0.5234217639283447,0.2936846141974378
0.5582824202980903,0.2982812807076829
0.5327925502086742,0.29738001975478434
0.5707984209970542,0.2747162777396788
0.5339024345142932,0.293441297449391
0.5730054400675962,0.28781547754567016
0.550931080445161,0.2818829176064729
0.5460547804788575,0.30203941492626457
0.5260655904344815,0.2719825242089996
0.5753455840741667,0.3008034087479449
0.5659924398053916,0.276833262032112
0.5411953659006108,0.2855804872528272
0.5375415817310776,0.28405817811912665
0.5614117510311095,0.298515206695465
0.5376984860177821,0.2828053414287859
0.5764048895783527,0.28628510614912567
0.5544688419182957,0.2966737475760681
0.5570109176850886,0.29831839050643755
0.5661212454996625,0.3047106341788658
0.5718510840380263,0.28316848895756974
0.5504882385850646,0.2888385285499284
0.5411849734170631,0.2864993490819303
0.5684942638555683,0.3128780698406625
0.5375415817310776,0.30720699352934894
0.5375415817310776,0.30349561107023226
0.5489132908408009,0.29464933347358313
0.535952444590847,0.3025901328974136
0.5269138682026762,0.2867953487305088
0.5537762855025666,0.27387782684966616
0.5526808221163766,0.30124896022614434
0.5390547207047541,0.2851471955065093
0.5414213804988626,0.3005723100599998
0.5246931985890725,0.314098014074347
0.5285135456262932,0.27858521821103877
0.5500319170910354,0.29732618133042493
0.5447339914434431,0.2860481487472316
0.5660159331867305,0.29464626622410506
0.5474391832161527,0.2759794704499559
0.5535924784807561,0.28128440039492103
0.5365968789582931,0.2903678881940285
0.5537260465631132,0.2829747394917443
0.5702056737981926,0.3015445836460878
0.5277855729234701,0.2787307094710564
0.5847948813980908,0.30107438981500423
0.5345000886434502,0.28331439521667706
0.5356553374007955,0.293504634331427
0.5676489176873041,0.3096996442675766
0.5816184081190391,0.29190459163339955
0.5651479529064117,0.30149297382934437
0.5710872160460598,0.2968939535422579
0.542793967960011,0.30073296749914447
0.513534909771979,0.30293716208494353
0.5589645004476966,0.2761490092664423
0.543524401952801,0.2994503274467552
0.5901493363138045,0.2912014876292626
0.5743197815194185,0.3069232803914487
0.540099523516011,0.2926056836962098
0.5627041789318088,0.3010637424932281
0.5410442262887954,0.2747162777396788
0.5669575442058141,0.29738001975478434
0.5727512396686392,0.3075300800124169
0.5321526928430776,0.30539703551453695
0.5353801942913845,0.2945764843900718
0.5660181715012989,0.3021674206958609
0.5171740569887635,0.30393474949429944
0.5617084792227514,0.3122296540411391
0.5612549819091837,0.28575082576301597
0.5702068594722376,0.29470984242699994
0.5557303900243741,0.29446012102783753
0.554929930753827,0.29250396486206587
0.5817366299219838,0.2924788046749346
0.5457632932322536,0.3021674206958609
0.5340593388009978,0.27912583371901095
0.5378857655777707,0.29412511957623727
0.5560869752011031,0.2853489278095458
0.5693801417697285,0.2859783669131982
0.5549463139245752,0.29708269677056864
0.5434921814806072,0.3015304946681641
0.5510378579416932,0.3018570725502959
0.5319004760794825,0.27943900979319497
0.5575030399619748,0.29738001975478423
0.5400798896729178,0.3005482798781954
0.5483652748048881,0.3001673136393267
0.5713708788710552,0.29555221393029724
0.5237577916101622,0.295671551641206
0.5622497423254902,0.3048365053391044
0.517037554329697,0.3222690724415813
0.5572504263005893,0.29322481618500035
0.5339024345142932,0.3116714858789264
0.5896950230445754,0.27211052997859597
0.5658058627114722,0.2880392618795508
0.5563195903347514,0.31157533413906713
0.5312079900702932,0.2944805152697352
0.5436422457282056,0.2774658401370237
0.5776814055635977,0.29927535432281926
0.5721786782983012,0.3134625069541719
0.5562438794878077,0.287534620061745
0.5447905300005218,0.2754059131770123
0.5190807029466836,0.3016002765021973
0.522426443217697,0.2841733055285718
0.5171740569887635,0.30010415588289086
0.5599885287321985,0.29904723658181437
0.5494750017023307,0.28596219755762675
0.5614117510311095,0.29463658425007994
0.5465900194635,0.28679193164980593
0.5614117510311095,0.2994970040472175
0.5453873847354862,0.2868112031707752
0.5418925040569901,0.29928071039592435
0.5321662544316096,0.3068758371578711
0.5809330891306786,0.29869068185152287
0.5339024345142932,0.29344129744939096
0.558553240669166,0.3041503314071707
0.5488670508433745,0.2833143952165524
0.5375415817310776,0.2907515924823449
0.528595968960538,0.2852733059874821
0.5588104791779119,0.29851520669546494
0.5283678109562482,0.28405817811912665
0.522426443217697,0.3089703065937901
0.5420187202422426,0.3024221980623309
0.5838453239533365,0.2873113414575087
0.5817904453900832,0.28352420678519613
0.5551103798425188,0.3119849133741388
0.5588244630820514,0.2849328471686866
0.5484762637937821,0.2747162777396788
0.5596158050708679,0.2929464661692145
0.5730260322139051,0.29204051846302215
0.5654955888153826,0.28193951804627027
0.529618473931653,0.31738872923812056
0.5694855678381026,0.27211052997859597
0.5704961962390903,0.2878154775456702
0.5728012038777651,0.2957348885485147
0.5562991425759605,0.31139891885645593
0.5605776314063559,0.2766240188910936
0.5579786086684575,0.2834424009861487
0.5576268691442801,0.29464626622410506
0.5435985825529708,0.29083554968830816
0.5374366531579211,0.28046049342198737
0.522426443217697,0.29912255952631484
0.5470270465105189,0.3188426251747453
0.5285135456262932,0.28322671286798484
0.5407161154245559,0.2866469881907668
0.531510888425678,0.31158752867296335
0.5707344134557842,0.29235303929459855
0.5702714622758024,0.2979638561575145
0.5421426721329976,0.29756060142949925
0.5846254680801248,0.30160024457470436
0.5668006399191096,0.2893976794110135
0.5539281504782957,0.2693767764479167
0.5206767015464815,0.2834424009861487
0.5453243464860674,0.2813714614204538
0.5257616311500145,0.30389110827372867
0.5323027570906761,0.2970403640299763
0.5352125456788873,0.30659473318065644
0.5617380090316769,0.28612995454627904
0.5474284358874432,0.28070864745546936
0.513534909771979,0.30234981075423906
0.5660533197867912,0.2833143952165524
0.5323027570906761,0.2833143952165524
0.513534909771979,0.2807086474554694
0.5429700039668713,0.29344129744939107
0.5171740569887635,0.2997724387754901
0.553212703594581,0.2998164502761
0.5491275596207954,0.29720307654505235
0.5579295081010297,0.3200764076492577
0.522426443217697,0.2964979595715692
0.5171740569887635,0.3116986556646989
0.5429304706190775,0.2980696552172657
0.5758199048072595,0.29464626622410506
0.563977386074782,0.29968844453165155
0.5224580173036072,0.28484292108578463
0.5426112732659266,0.3106184175858588
0.5469948260383252,0.3161470947740826
0.5696439760129546,0.29477427199370143
0.5437386707327955,0.2728001654410774
0.5472094930894883,0.28962153445017236
0.5610054846223061,0.29344129744939107
0.5389535735609284,0.2860481487472316
0.5391877731391762,0.28011945581373343
0.5590202049424944,0.2893976794108888
0.5320161901840111,0.2944208823344857
0.584206635675784,0.28991708921859155
0.5199522486970595,0.3021027518083004
0.5361335546299903,0.28610477501924914
0.54566166282467,0.2798402618462728
0.5721464578261074,0.33134809354052513
0.5448158889968724,0.29039110611709235
0.5486442963497009,0.27806760039696843
0.5280751153768534,0.3120727454774198
0.5195177299937025,0.2904398042371775
0.5687330766417403,0.28636461238673316
0.5777884740214395,0.29332506761682287
0.5285135456262932,0.28604811681986325
0.5365706940094553,0.2861900331271787
0.5452036811284464,0.2904031704242213
0.5469948260383252,0.28774443163038876
0.5418206042014883,0.29851520667031706
0.5292198375205709,0.29298566162281314
0.5723017610882228,0.293594390736785
0.5454970880742175,0.2880178389516656
0.5490379746553118,0.2907075439187118
0.5434921814806071,0.3029371940123119
0.5519196440347303,0.28502133639186683
0.5321526928430776,0.28331439521655233
0.5509876190022397,0.2901146345524278
0.5502234020053952,0.3004540580841603
0.5285135456262932,0.29579377078989155
0.5339024345142932,0.29475707247688343
0.559872397778739,0.3158288614511089
0.5424464102329818,0.28331439521667706
0.5375415817310776,0.3111043416852631
0.5320161901840111,0.3084469202525753
0.5625101968753117,0.2982286983905922
0.5395502196274495,0.2827552443555919
0.5532956581489676,0.29054923107634945
0.5503658431748344,0.29293009225470873
0.5769859317552453,0.2874568327175263
0.5444820199278337,0.30521950115753743
0.513534909771979,0.3014294556744763
0.5225629458767636,0.2808318371529064
0.535952444590847,0.31843177165796266
0.6082676106644472,0.2995002055320767
0.5516070888985172,0.32032218567301535
0.563668885586108,0.29810069262087113
0.545488412404011,0.2775318370694055
0.5567992221677727,0.28486633802258404
0.5560526533237722,0.2900200506183985
0.5397746240052466,0.2943017192568685
0.5504211457610677,0.32104579399660427
0.5741998062144887,0.27975845602207744
0.5419479358798077,0.2946398212721077
0.5410302246184503,0.28520972978458725
0.5489415748611197,0.2926225741482119
0.5627228855224021,0.27211052997859597
0.5817292666841849,0.28331439521655233
0.5281726607418815,0.29204051846302215
0.5410442262887954,0.29109032705477816
0.5668401732669034,0.2956438022926055
0.5614117510311095,0.28862989890207674
0.5285111824358234,0.2834424009861487
0.5501560096578758,0.29269164155837674
0.5410442262887954,0.28520972978458725
0.5699348476996494,0.29738001975478423
0.5496294706716717,0.2904312250759396
0.5443832200043821,0.2985991614248566
0.5312079900702932,0.28243233503333737
0.5684973967033845,0.3002034404816326
0.5488810703686071,0.3042783371767671
0.5375415817310776,0.2994211544016573
0.5284092634394205,0.2838982316192825
0.5330918712101055,0.2747162777396788
0.5586049568035178,0.2909699378045708
0.5623830321906395,0.30195545772030136
0.524556695930006,0.29204051846302204
0.5566650917233839,0.2732457169192767
0.5598526478512046,0.30584123634635374
0.5485633678891044,0.29054919914898114
0.5659726368065706,0.29464626622410506
0.5471448902859236,0.2970403640299763
0.5583250826648762,0.2890710807458571
0.5474129348649965,0.29738001975478434
0.516229354215979,0.29477427199370143
0.5402367939596224,0.28757396519472395
0.542793967960011,0.27824934592904205
0.5328048335497225,0.2834424009862734
0.558245747011237,0.2847166342348496
0.5517019603514167,0.29758983132342803
0.5711575690440839,0.3088900730743098
0.5713448158470705,0.31088937510508047
0.5453951486147081,0.30235966378425283
0.5518220040647954,0.3015014490435989
0.513534909771979,0.2916134916249041
0.5643112386404275,0.28663198514996174
0.5237365543822914,0.276833262032112
0.5442405817836717,0.2833143952165524
0.5624815868661054,0.311556357907315
0.5642463043660011,0.30398733181151477
0.5819402114215155,0.29021172993978717
0.5812882054789855,0.27999390218133346
0.5809144319629728,0.288757904671673
0.5863448651504991,0.3048323790180617
0.5515854013672564,0.296884874762999
0.5533790356369728,0.306271943212042
0.5762899008837168,0.28070864745546936
0.5464331151767955,0.2860481487472316
0.529504507086234,0.3210309560372544
0.5505927744038983,0.3033098551673489
0.5350073628196529,0.31292100618034413
0.591866433116841,0.29778740855948455
0.517037554329697,0.2851013877490876
0.5969789289724359,0.31576586186494254
0.5437892886706587,0.3140377285201027
0.5207838580414234,0.2863710573387306
0.5454695480143557,0.30012958215212915
0.5551752638463763,0.2834424009861487
0.5522013692468377,0.293504634331427
0.5710168958420697,0.29477427199370143
0.5330229046096521,0.29183410995735243
0.5521273777133952,0.29982134962176393
0.5437068485317703,0.30031700056380495
0.5676594579706908,0.30914307259539303
0.5186871959624401,0.29505574260613243
0.5964947562675854,0.28679193162465794
0.5758789149633474,0.29738001975478434
0.5665331763790603,0.29508102782129564
0.5322168059010712,0.28887156947407994
0.5957777918951369,0.3004302369249651
0.5719840198597603,0.31926235957938454
0.5617013175915123,0.30019557908451094
0.5644623718559408,0.31586029204243043
0.5390065921267285,0.303212201661231
0.5285135456262932,0.2815980578157802
0.5649150750602889,0.2882784348665397
0.5578612333897154,0.3017566192041266
0.5486444676710681,0.2996884445316516
0.5640097704705197,0.28809474564735404
0.5546998246723869,0.28099014999526883
0.5207838580414234,0.3015202622368903
0.556716025749561,0.29464626622410506
0.5600529207742325,0.29210917737873165
0.5587679245249727,0.2810534868520321
0.5502414037239363,0.2875749375501746
0.5552850631070078,0.28575082576301597
0.5405531559943574,0.293640193240018
0.5510811446927596,0.2812710074791941
0.5340593388009978,0.2809830994849939
0.5339024345142932,0.2915777674428569
0.5765781655970289,0.29635768170287957
0.5647466120690203,0.2963219191898141
0.5656907556134907,0.3074921977617627
0.5581104489472578,0.3021574687349982
0.5351500356424623,0.3089108238999172
0.578989335598832,0.3203208414263285
0.5614117510311095,0.29419423786654
0.5692037872905019,0.2981117097972572
0.5531321152293898,0.27653685337347106
0.5653901687357857,0.30873414529469595
0.5531600749509882,0.27879062822810935
0.5333802570005574,0.31897103097203416
0.5339024345142932,0.2866460253908234
0.5488810703686071,0.29738001975478434
0.5368497344608613,0.30645098239781676
0.5375415817310776,0.2807086474555941
0.5348787113729876,0.30233624687272603
0.5702714443877727,0.31012417286929944
0.5501225013330333,0.2864084845048413
0.5823240092984002,0.31246328218282
0.5733417538044618,0.2906896434293255
0.5658494913592594,0.3069033564588193
0.5331245225828627,0.30217661932370127
0.531510888425678,0.3050890265381679
0.5599440467088099,0.2954013731781048
0.5491591337067055,0.27791990214435347
0.5606792165512972,0.2874758218208621
0.5353561795921062,0.2885746150969274
0.5575247015262047,0.28664602539082334
0.5614117510311095,0.2807086474554694
0.5341489237664815,0.2959303103130701
0.5691871228795047,0.2834424009861487
0.5654163066397039,0.30040295175340975
0.5339024345142932,0.278065808403336
0.570578517716746,0.2899170892185916
0.5285135456262932,0.2931622819069223
0.5664498684800486,0.29068855074466
0.5917402661846969,0.30352083245580685
0.5457632932322536,0.28114693366725735
0.5488810703686071,0.28575082576301597
0.5534658018799614,0.2844986929385304
0.5698466139358698,0.3297186457979358
0.5678612537968264,0.32054358751553624
0.5503835153543294,0.29747107089769576
0.5309319891897389,0.274017056801993
0.5454608491451339,0.2728001654410774
0.5759267088905256,0.2968138176527935
0.544378528098392,0.294306610499297
0.55087317146457,0.31694376929237206
0.5339024345142932,0.3171245382606866
0.5608872370347305,0.30953633122202157
0.5503348154464203,0.3007206750864025
0.5720213565157051,0.30257476814364104
0.5615181521034732,0.2981474893740038
0.5321526928430776,0.3020616837586172
0.5689809359551325,0.305186485076653
0.596909284147744,0.28062269626586456
0.5402360261750775,0.30549788455569327
0.5590140347787513,0.2989159023048242
0.532640029262006,0.3108288750547701
0.5790496037974114,0.28836271027572147
0.5230203745514205,0.2828054111035904
0.5375415817310776,0.31095778126125095
0.5655464521142056,0.2890493652165737
0.5676333323344633,0.29350463433142693
0.536596878958293,0.30330985519249687
0.566636574001166,0.29021493142464644
0.5601823169827604,0.29962591025357355
0.5332326125697512,0.313692704402078
0.5492844639075001,0.29770292834628326
0.5405726667129228,0.28344240098614865
0.542557365262472,0.3074679213405802
0.513534909771979,0.283524206785196
0.5830223049362336,0.30914077938021944
0.5583627389517379,0.30141849904263057
0.5668006399191096,0.3075435119671634
0.5353342780902665,0.2908355496883081
0.5501731610079464,0.32141437757421554
0.5429304706190775,0.2962607751852872
0.5260655904344815,0.28070861552810106
0.5522189865425153,0.2904312250759396
0.5483588928548713,0.2762027490289196
0.5464331151767955,0.2792173600689213
0.5285135456262932,0.2906235867127487
0.5561294580287746,0.27211052997859597
0.5376654610298384,0.29477427199370143
0.5580660107600962,0.2794197214747922
0.5529316416885393,0.30447139068702245
0.5496811456519745,0.2972262807147878
0.5453797171353068,0.2833143952165524
0.5600393591857006,0.2947117377156234
0.5472128900296582,0.30139554010011155
0.55974575662419,0.29068905820426694
0.574138515456763,0.2773199338780412
0.5526653210939301,0.2905492310763495
0.5813073371991412,0.2876626258060687
0.5745014717154471,0.30489902281974895
0.540758338853592,0.3168443675813651
0.5285135456262932,0.29464626622410506
0.573437857987787,0.2834424009861486
0.5365968789582931,0.2774658401370237
0.5461866259246072,0.2921831812548665
0.5538225403946612,0.30561467633135453
0.5580660107600962,0.2860481487220836
0.5412845382755984,0.3068776399858526
0.557772603814325,0.2945764843900718
0.5396422097454947,0.3024495486535322
0.5458987146257671,0.2959094589343821
0.5339000713238233,0.2901267614489303
0.5423678492769951,0.3150897373046319
0.5488787071781372,0.2872041870666003
0.5650105529453495,0.29106380318085134
0.5518639572293815,0.3056730974043179
0.5509683697796055,0.32645803900789594
0.567506792942552,0.3051594139304785
0.564964634528281,0.3208898288975389
0.5745148787215372,0.2898411575059256
0.5487385470520374,0.2914690000719823
0.5242091372848622,0.295164645641113
0.5509288027391197,0.28947948518478817
0.5434921814806072,0.29943366716518155
0.5285135456262932,0.2907708808007476
0.513534909771979,0.31321297309145485
0.5560228621431095,0.292818460399618
0.5474284358874432,0.30330260763654165
0.5523744829153466,0.30386633663625184
0.5862772410417891,0.28753465193881744
0.5489222605507831,0.30717919209183
0.559291393363126,0.30238459235011617
0.5339024345142932,0.27211052997859597
0.571880018472496,0.2953900491266793
0.5654669245775671,0.30216526928894505
0.5547550665625701,0.2845989124681326
0.5592192176379859,0.2966407164961798
0.5339024345142932,0.30165680178521687
0.5657413735513538,0.3020909136525458
0.517037554329697,0.3118747889658048
0.5560228621431096,0.2747162777396788
0.5356553374007955,0.30030867610736617
0.5812718527048091,0.29009758466692365
0.5741167534422307,0.30216526928894505
0.5382533568402056,0.29070754391871184
0.5645221716665941,0.2860481487472316
0.5632506291036936,0.29731748547670633
0.5563199693331611,0.2899185295928056
0.5578768790378078,0.29204051846302215
0.543524401952801,0.2884096879898819
0.5623926449418496,0.30521448672727036
0.5715357521099348,0.31338032007851957
0.5303819495608371,0.3208239768180609
0.5586163070464494,0.2834423690336324
0.5613793076107227,0.29819766098686207
0.5650099050661218,0.28732882694792994
0.5429304706190775,0.29464626622410506
0.547200969987969,0.30663814255419514
0.5447671207698759,0.2946462342968614
0.5232747209858917,0.2873113414575087
0.5503131095603199,0.2693767764479167
0.5390547207047541,0.32300335688647924
0.5320161901840111,0.3026987433159799
0.5559083726987533,0.2871833356879123
0.57196857123237,0.276021003496846
0.557772603814325,0.28651898242117047
0.5535753024145376,0.3059513377046517
0.5518615374125893,0.31589504278614505
0.5563199693331611,0.3143487034605642
0.5437892886706587,0.29569757395742785
0.5723042942284228,0.28566484264604275
0.5757424123042809,0.28997727486451336
0.5464331151767955,0.2921637081604592
0.5581391103927004,0.27211052995344803
0.5569495995764892,0.27211052997859597
0.5392116249914587,0.29818287952293504
0.5473374726470355,0.2719825242089996
0.542793967960011,0.3069555547331321
0.5299112110020608,0.30768955271055687
0.5532127035945809,0.2893177987003958
0.5522977301668339,0.298327425165348
0.5496294706716718,0.2767699251500761
0.5471448902859236,0.29491331830172157
0.5377097510809162,0.3079642186953846
0.5387329475915337,0.2976687490711
0.5659662548565538,0.3045122680412485
0.5691311958184704,0.291023401999936
0.5736497133354947,0.2761249617099736
0.5233711459904815,0.30263327805280743
0.5465940508248875,0.2839208038039101
0.5598098696821835,0.30256507412820427
0.5406014345668873,0.2833143952165524
0.542793967960011,0.30115289995734373
0.5629974267843815,0.28835657352409894
0.591084420628236,0.29708269677056864
0.5285135456262932,0.3081472776481271
0.569379089295097,0.2904577047265636
0.539951294899513,0.29169758255661304
0.5374050790720111,0.2992865465781813
0.5363109300269981,0.28846785291422
0.5396378252843901,0.2901824224029441
0.5522379802562801,0.28401595324008744
0.5539873703281739,0.3022307575778968
0.5624206333302891,0.2807086474554694
0.5488810703686071,0.3022200030130763
0.5435562945386007,0.3127351546589072
0.5585030378071151,0.2834424009861487
0.5838119063729386,0.29344129744939107
0.6156328387396733,0.2807086474554694
0.544549098768299,0.28791459327485786
0.5643324242902708,0.2693767764479167
0.5227198501634681,0.29083554968830816
0.5340593388009978,0.297661522269311
0.557772603814325,0.2961963456438584
0.5675124150282376,0.2998164183738796
0.5230089426337645,0.28612995454627893
0.5503131095603199,0.2719825242089996
0.5483397611347156,0.3083727375347932
0.527251140374006,0.2928821465884306
0.5387167932581739,0.2946889320534052
0.5633649571046638,0.2810427642147045
0.5687072858770297,0.28604811681986325
0.5469948260383252,0.29853605807415295
0.5550689273593465,0.2814865893920653
0.522426443217697,0.284928872300662
0.5434921814806072,0.2997248244066065
0.5438266197077494,0.2910903270547781
0.5464331151767955,0.3107030038946564
0.5344259033524466,0.3006045826866047
0.540911734456762,0.2895089677946
0.523748495816288,0.27393110561238815
0.5731844705193475,0.284711868252183
0.5838551176990979,0.3102881477073464
0.5565799987534202,0.2860481487473563
0.5339024345142932,0.2850380827944201
0.5474284358874432,0.29756060142949925
0.5739527043289308,0.2908587235570855
0.5623271076397693,0.2860481487472316
0.5703565869068088,0.30166041595618864
0.5613213328255814,0.2838982316192825
0.5321526928430776,0.2792173600687966
0.5402098412262398,0.2929464661692144
0.5862772410417892,0.3065601929168476
0.5900251519845106,0.29464626622410506
0.566078487137667,0.29731748547670633
0.5394482276889977,0.29954253827266897
0.5485633678891044,0.29152518515078957
0.5207604488107774,0.3021674206958609
0.5631944450982748,0.3067214187836173
0.5534855813844494,0.3111144253074837
0.5772496032081732,0.2871516047493849
0.5791107286039929,0.27211052997859597
0.5571730609863101,0.3136236275866046
0.5576268691442801,0.2902207676069036
0.5644083627260286,0.2807086474554694
0.5552350636570297,0.2955522139302974
0.570219896100544,0.2957109629949982
0.5517841720983101,0.2866518330201081
0.5878556690490834,0.3306289152123877
0.5555175603847763,0.30121459188619015
0.521054051372288,0.29021271263853504
0.5374050790720111,0.2996186626976183
0.5771182440560221,0.3081549743394921
0.5252502286895245,0.27698236975080576
0.5563001120335134,0.305611782226144
0.5657626733570221,0.2734152557357631
0.5254142946074681,0.2851808397441786
0.5402360261750775,0.3134159756248945
0.5642232385247008,0.28287916783092093
0.5701952898756305,0.28007168950027955
0.5749054871856424,0.2849288723007867
0.5677162622189229,0.28968192204814847
0.536032687226602,0.29979735660704476
0.5572504263005893,0.29555221390514946
0.5493478095441579,0.2894010964915917
0.5368678011995068,0.27533202294528847
0.5492477632820957,0.3163820444729471
0.5422606486745355,0.29464626622410506
0.5344963658480165,0.3068723476742816
0.5644029236667513,0.2871208014098343
0.5772522262421501,0.28730276258788506
0.5668982798890444,0.2898850982336809
0.540099523516011,0.2795036786807554
0.5499859986739668,0.27633078672600897
0.5606035509173916,0.2845775559994611
0.5400719602571339,0.2719825242089996
0.5172578042530594,0.28070864745546936
0.5531321152293897,0.31287849860097133
0.5644153955332684,0.2719825242089996
0.5617187195654125,0.32742879343918224
0.5369832059203182,0.28985001013866357
0.549623392012095,0.2947812772545905
0.528545766098487,0.29387307714850225
0.5621099645517057,0.29477427199370143
0.5534449553979759,0.2909228213307619
0.5637798059321378,0.28887153754671163
0.5171740569887635,0.29229940666997994
0.5285135456262932,0.30270993557146675
0.5431284404013059,0.31541242058069024
0.5519548287454964,0.2972940685651795
0.556073101082563,0.29027416023328756
0.5564738640865264,0.30455668719255297
0.5455213647999606,0.29375715553061515
0.554921390248399,0.30183279662887447
0.5341489237664815,0.2740291211091221
0.5416381576225189,0.28014544622761006
0.5503129139445805,0.29295677158240446
0.5579091064733915,0.31694163152983457
0.5456827702404958,0.2832518609384743
0.5201713997881483,0.28635807312138295
0.5329906841374583,0.3255810976685027
0.583732481846978,0.2881058002464459
0.6019423977444058,0.27667660120830895
0.539281472954971,0.3033026076365416
0.5799788949482807,0.2825991659260723
0.5447197456380869,0.27956701556291597
0.5317923244554142,0.3016034747611518
0.5501225013330334,0.28520972978458725
0.5861324133538599,0.29464626622410506
0.517037554329697,0.2875346519639654
0.5441803165956525,0.2908355177609398
0.5573146948071809,0.30025565766541057
0.5405389245304623,0.3043525932003525
0.5483397611347156,0.2825292230892617
0.5387151902366054,0.2766228045630759
0.5489218533252556,0.27648360653811743
0.5271174497022079,0.28686578997930934
0.5635923443253255,0.2858015187178476
0.5523837149263251,0.2833564497965438
0.5369814081075307,0.29928654657818143
0.5366009216953654,0.30455768828437785
0.5431744790011045,0.30242219806245557
0.570042793554294,0.30347347389330864
0.5550311365019727,0.3093659927119575
0.557822568023451,0.2831684889575698
0.5614954982954055,0.28181210345762275
0.5375619833587157,0.2907708808007476
0.5339024345142932,0.2871833356879123
0.5516718308524908,0.28375492181772516
0.5442405817836717,0.31541966813664546
0.5771632201775138,0.28281509929835424
0.5320161901840111,0.2860481487472316
0.5373646263798424,0.2828791997582893
0.557772603814325,0.2991894031332144
0.5180894135974233,0.2769457131545749
0.517037554329697,0.27219233577764324
0.5570109176850886,0.28507143346506075
0.5398147922404465,0.2991911209947174
0.5171740569887635,0.3020825423128649
0.5673623507806392,0.3015948389854782
0.5536820634462398,0.2848644746361809
0.5332326125697512,0.2847230472594787
0.5757205649408818,0.29547426347611927
0.5775883127394351,0.281907410599045
0.5207838580414234,0.27764493409226065
0.5609047069609046,0.2992753543228192
0.5658888895422747,0.3032186504305784
0.5418945405116162,0.29592525871087205
0.5285135456262932,0.2939069629906484
0.5314544793224815,0.2982080780665402
0.5862644243054486,0.28331439521655233
0.5549110237297455,0.29477427199370143
0.5464331151767955,0.28854160964155046
0.5620479771459567,0.3004366818769625
0.5491275596207954,0.28848457929369525
0.5853400792000336,0.31075302540920996
0.5890883495369706,0.29281747770087013
0.5437892886706587,0.29204051846302215
0.539330856750087,0.29739929127575376
0.5344330098029849,0.30376276311786177
0.5654792254578771,0.2874150045363847
7.239752188582343,12.714370155674795