0.8585711876543806,0.33200014045932286
0.8961017811233493,0.36706755714174916
0.8530703449521899,0.3453080282691161
0.8314784427649095,0.34919400762371944
0.8373859284594511,0.31100020408348594
0.8977034795694149,0.327797610743077
0.8900248854560726,0.31953495273452726
0.9142762030727629,0.34820900256573367
0.82230316786208,0.33469011462772286
0.8692234427055656,0.31958235906351484
0.8812739954325404,0.3354341148402347
0.9286669698303067,0.3352518684618211
0.8282429157829908,0.3432972410327444
0.8459877886871199,0.33109945211984465
0.914397666306515,0.32151278861144666
0.8582097755261606,0.335077755034955
0.8629987170287272,0.33472164578085933
0.9203167411538711,0.3648409865572216
0.8473229748105504,0.3164477274541433
0.847894534390262,0.3578238471927235
0.8821874093039558,0.32527213994387316
0.9154605076001008,0.3164420043056537
0.9850326023550696,0.34783231113666585
0.9132782149535267,0.32736485112845465
0.8750555424517739,0.34718685585992115
0.8578076441794054,0.3441884066838738
0.8451262740425727,0.3153175719784359
0.9366018621787724,0.3574572065282938
0.8990704263026856,0.3538920817192535
0.8749271429429699,0.3415151713063336
0.9234121867537337,0.3325976899800085
0.904207889942553,0.3611086796266325
0.8355913737210117,0.3336114043118141
0.8599880489987604,0.36338969849553915
0.8944854614105662,0.3285470086026372
0.9108116549177709,0.3435408590933606
0.9047384591135651,0.34830696332242744
0.9120417459686558,0.34423615918217204
0.9079752620318108,0.32771844931981725
0.84773771751043,0.3520936934691214
0.8885315146440429,0.3550453040341031
0.8768154980837165,0.3415377490499183
0.8848182389816036,0.34697177143268115
0.8433555414474871,0.32963719889517823
0.8660689282861482,0.37218889250433296
0.847981582139683,0.34311562852855754
0.8880598290516355,0.32338042161699015
0.8720605537470221,0.3326661568149435
0.7981327862327288,0.3241397114438366
0.9152017861081329,0.3293606583034674
0.9181203424782887,0.3414258139944921
0.8020741284328792,0.339075935935979
0.8949504747734083,0.3163370970826677
0.9283633913632113,0.3545118245259614
0.8608029840150826,0.31645649418144556
0.9063111960392222,0.3492324744551728
0.8663816401387402,0.3317036054203444
0.8682180785260762,0.3339916103678274
0.8423206179532674,0.3139414688841524
0.9142122400562919,0.3363440945634681
0.8247348299770929,0.3385926578274402
0.8540263052695694,0.3567418786770509
0.8898057340618672,0.3107935277058483
0.8400816712617551,0.3351342719959544
0.9008584990032906,0.3583856419325671
0.9011801506082529,0.35477679755815467
0.8492362292641733,0.332777721286055
0.8687943558526066,0.3337250956257843
0.8811160902628579,0.32240666279806995
0.8741690157943481,0.3245751331956393
0.9060633018478149,0.32108644634925304
0.9381915106294741,0.32002891675792416
0.8820554830080283,0.3280865520386581
0.8746289157275502,0.3516029203160344
0.8537244949499696,0.3397284894481172
0.9228743549448032,0.3478356169482348
0.9078777505299441,0.3228037222357931
0.8871300799425488,0.32603243575573854
0.8284590776770826,0.3270885620657338
0.9327211243210163,0.3463512927587021
0.9174548935656357,0.33563640335080525
0.8386083199034474,0.38014832372887375
0.8926270434942025,0.3413705842956023
0.8866198862207244,0.3537521867572228
0.8696270917562468,0.33304655663114774
0.8054768723340782,0.3453392274203033
0.9796885916310516,0.3416382408474182
0.876457897042965,0.37274344181480895
0.8427626410692208,0.3511838513650982
0.8776578306274783,0.35876902708837166
0.8666003183975104,0.3519730830610219
0.8386668796847794,0.3404721205237265
0.8525644574454622,0.3480970700076926
0.8188035092864901,0.30752925272144577
0.8723024982153885,0.352517735875761
0.8354411008421629,0.3424193429597961
0.9058358577374823,0.32373391490450765
0.8463149597007023,0.34320858945797295
0.8763513233165308,0.317688853963647
0.8422709235515773,0.3358521842377414
0.8391261121263115,0.33852043153205774
0.795283449904953,0.3139672914806759
0.9272720413771114,0.35676116708219646
0.9009340977654775,0.3415842193057796
0.836887888984893,0.35445477727766234
0.8828882160329297,0.33817592397542606
0.8749763390320622,0.30973082701608273
0.8458615249287438,0.3491051591180023
0.8472921175156068,0.3483941152763785
0.8943098342671559,0.33171397959955784
0.8781839668230191,0.3514338250368198
0.8735191062516572,0.3197149126441911
0.8809520807110195,0.3439297043685327
0.8889129286805648,0.31580514425322337
0.835192074501933,0.3299321082119093
0.8559001130841534,0.3331532076936522
0.8480309574605038,0.3262464045163216
0.8733938693859287,0.3480749839507165
0.9364997351400575,0.34720657512309466
0.8721163946997099,0.35942160227012887
0.8477019514609682,0.33642545234371396
0.8675522201138457,0.33330371534021747
0.8468190676876435,0.327804869299205
0.9031416973968955,0.35403003265433725
0.8973160346970172,0.3300753522379433
0.8620558123439634,0.33623637837451564
0.8379822481791708,0.31769980317911
0.8805213479914518,0.3339383717893984
0.8696881591012369,0.3364477333939329
0.8539106812774822,0.31637307978661555
0.8674888375361178,0.3423461325506359
0.8473553778512772,0.3312000529122413
0.8207337001197246,0.32323477731489164
0.9434020496158965,0.3267902013442633
0.8221258073888561,0.338964831585198
0.8716038175623555,0.3322446296165172
0.8700822820676433,0.3368659876979449
0.8208811073472173,0.32211853169449445
0.8573588664134042,0.3300366966158352
0.8268651365002673,0.34611143891138857
0.8851037543885463,0.32904614403838234
0.8816297904646146,0.3552741470686883
0.8639098510433816,0.3510438077324661
0.8884716293869447,0.3344251162709688
0.8841663458577342,0.3215865462032306
0.8924574229651335,0.323061712569706
0.8727662054134964,0.3289658595653752
0.7918286787135016,0.34583510372020515
0.8489489556278698,0.36763351172711195
0.8757437261624572,0.3266786593214544
0.8625545460418829,0.3719968824583308
0.9160079360927447,0.3402685529925167
0.8409132361438587,0.33568498142156006
0.8957224924161342,0.3221980362640407
0.8916016118372074,0.3178572113572995
0.8889835139379931,0.34423314757399065
0.8818634001261885,0.3294512797915271
0.8968496100863905,0.33426133377699657
0.8369576630018786,0.340129869208112
0.881411305516437,0.35585744098636046
0.8297593895717221,0.31485405104156944
0.8754824423704686,0.33791385394768486
0.8265665262903006,0.33878345915953406
0.8839022615170558,0.35652194473980575
0.8435778135723441,0.3146258111075654
0.8979203231236087,0.3269619764972833
0.941270719539905,0.33579429876432204
0.8827430273799626,0.33475448666996194
0.8763757834703032,0.3278855867637959
0.8792799818426813,0.3364272182134079
0.8703427259740486,0.3562278092030635
0.8844522065442315,0.3462363068146382
0.7909347794648973,0.3311830711928014
0.8589050180443887,0.3277122665576668
0.8739263163359733,0.32725708720543284
0.8386840200002916,0.3227016767557829
0.8569822031318146,0.3197588406149096
0.869572100878506,0.3416818513788546
0.8772206933559084,0.3285290307347017
0.9275371087800288,0.32090510702145364
0.8347458863548489,0.3289528310031801
0.9107470129697753,0.33045760228061766
0.8472055910850287,0.3272365496572363
0.8423876635301486,0.3602181944466818
0.818130329799889,0.35092074852468286
0.9510423890340594,0.31964756484136153
0.8837617231162944,0.3281535684498887
0.8686439258401711,0.3403565425861419
0.876502632763184,0.3396488053266502
0.8710606703773622,0.3457391890310106
0.8907058792151439,0.3388704591148218
0.9033581833811454,0.3437803499030304
0.8535163154856256,0.3310043405022363
0.9082125583353848,0.3337367221274993
0.8803955258695954,0.3357154314246534
0.861053007985997,0.3352702650669025
0.8288996345291992,0.3322900442311637
0.8999699046932146,0.3422599528276038
0.9360916804697266,0.3361086712613243
0.9185072962303404,0.32625580123931
0.871362615194354,0.3268552298933626
0.9248786814579053,0.35620520137814254
0.8887576357372462,0.3693881059448851
0.9233221439053171,0.3297728169204911
0.9094180958592131,0.3208028410188622
0.9035909115705121,0.3278517949809866
0.8684971620365811,0.3380042411112954
0.8350202622235738,0.3391146288632782
0.8200461230153562,0.3377205834730668
0.887654112369793,0.33164956291715875
0.9473225475486708,0.32780485579553703
0.9114807130396786,0.3389038944501938
0.8701987293079942,0.3438869295305733
0.826633918253179,0.33993037462410497
0.8571538831052783,0.35739508633055483
0.9502046627617707,0.3391858843632218
0.854115275426979,0.348882854989002
0.8523571181975503,0.3316849773029829
0.8461399477053431,0.3440430049209386
0.892444795677699,0.3254286809990741
0.9190270251048822,0.31969712324891775
0.8692999769318686,0.3556941134039273
0.7980829320062499,0.3397178865217417
0.8381069169015705,0.34476006598599135
0.8499590776929681,0.33963988782763527
0.8861703204389132,0.30577341599293495
0.8775055454153879,0.3422515766211459
0.8516894449668666,0.3375361291080016
0.8487596520323959,0.3373144160479737
0.8183614388456374,0.336983037091522
0.8447654022148547,0.3429130150012936
0.8829866380885986,0.3305569123134861
0.9066359399111246,0.34741722044180184
0.9044435906472998,0.364415262028922
0.8791646992631577,0.35240837546590986
0.8846229172930621,0.34770861977201317
0.9173925711021805,0.3473903801620768
0.8697510885115669,0.3234760902952582
0.8787858563893859,0.3306174837173132
0.8704207891847628,0.3337814815153229
0.9434145082332611,0.3447156317859048
0.861351597268537,0.3499285899410935
0.8709111133861455,0.35289477636796246
0.9086336065110824,0.3355825997048429
0.8745729448065719,0.33324192947830905
0.8916473259116322,0.33361125654800344
0.9010232941614291,0.3410575956259755
0.9133492163889663,0.32911719547111223
0.9135059157292016,0.3477192442644304
0.8247144771726351,0.3179154444522537
0.9006196335089764,0.3427610333050542
0.9237508356333368,0.3218039247918703
0.8833019898753209,0.34000321073605916
0.9086574981799606,0.34227493434369105
0.8822874179564717,0.3323101738732878
0.9066085374432785,0.35201463506494884
0.8792297478588357,0.35969581851304494
0.86040657579629,0.3115703914649938
0.8610525384267688,0.3378361177240911
0.8963204496546247,0.3361399591943564
0.9044659988975209,0.3526857857499729
0.9229964082603488,0.32956357623398497
0.9028091217933849,0.32946246623518777
0.9007470739984191,0.35517752832769867
0.869695564408465,0.3279307741962168
0.9388373822726999,0.3458448398538305
0.8854870990089144,0.3184464452941572
0.8869416384804101,0.35346454290243406
0.8406597441771325,0.3764867814514386
0.8457595239467635,0.3515755213046378
0.89640853263216,0.3221823265449652
0.895440281653787,0.31479211285518804
0.8853814460358533,0.3499633509767433
0.8425996294748579,0.33718475441355966
0.8713579654406338,0.34042846845813285
0.8816451563480601,0.33717278730698
0.8815788420596664,0.31996766620974637
0.9449811842134783,0.3095367851126358
0.8545806890420657,0.32434801761549104
0.8921761252266392,0.3328108317319752
0.922280020670305,0.33188613493619706
0.9703046742879093,0.3416349032104647
0.8206343504237359,0.3285569804352387
0.9184698117000721,0.33521341566109863
0.833367267206633,0.3280070363654033
0.8322630122206836,0.3420447746313909
0.8772681103454776,0.3280528146405483
0.8355627518207022,0.3042566408634304
0.8903758057234288,0.33968886727811265
0.8659661751515688,0.35295917691309603
0.847056764268038,0.3223700587846372
0.8755495503349606,0.32491679807777313
0.8481683120338175,0.31598081773053366
0.8152289967183834,0.36223152109491125
0.8549020901968271,0.3308792738583851
0.8372147387543909,0.3202562334921262
0.9041227296235004,0.3524935586398592
0.8734128427434678,0.34589739450299545
0.9318188722804006,0.32950951874954093
0.9106680693559077,0.3597319703087707
0.9110630274650791,0.34745788530040134
0.8158054999038342,0.3576132487554386
0.7864508183570336,0.32889150538061446
0.8644795858618909,0.31377361007054344
0.859648177464005,0.34615577560704974
0.900312956916733,0.34201502172507414
0.8121004664696618,0.3512750181680787
0.8350839154962805,0.32151201865775725
0.9121671410037671,0.36233196291896214
0.8662403987453804,0.35814634916624377
0.9043048702568437,0.3298974400011185
0.8398009285802323,0.3341684515390769
0.9122472629091222,0.34621949897247506
0.8825058677140721,0.3407550462126318
0.872688134860123,0.3714961407075977
0.8971263472725104,0.35542067028814756
0.858651290085128,0.33637084922836047
0.9498662910057915,0.34499928042966316
0.9106156883755965,0.3321557003896248
0.8640094616714697,0.3513732403664129
0.8289377701549694,0.36957706682987435
0.8544265969189504,0.3486954442627351
0.7621124205416738,0.3352767235758319
0.9153928025794826,0.32517748934744517
0.887387816579874,0.3601058450109646
0.8364447059530089,0.32051798175123614
0.8320884836149595,0.32406560303188187
0.8670694279114011,0.332512137411187
0.9226604703552264,0.34124234643362
0.890491858301329,0.3329445368416718
0.8702694608379847,0.3318805262437843
0.8969521778934867,0.33010896841948095
0.9151321010944494,0.3239330900275283
0.8758092022735029,0.32495245973322334
0.8894107577284518,0.33563082813377276
0.8707156376672934,0.3199301370665969
0.8992560836360985,0.32312811845215245
0.9258365528860104,0.33079470656545823
0.7863171426147997,0.3280610969727941
0.8040489611561601,0.33997204257410785
0.8037463601414383,0.35123842282271717
0.857615393911719,0.36059036491348223
0.8303600212376161,0.3401190406003051
0.8665631744273066,0.33515006467312475
0.9073870160709767,0.3486715888488974
0.8216113160513798,0.32067440337500375
0.8666454004453832,0.33007983347235614
0.8434596260297369,0.33593366258992047
0.8541267265993708,0.34080113552063956
0.9117898135051864,0.3522083434733639
0.8771929075426165,0.3012703714571325
0.8422082312637929,0.35201293844153064
0.8674008673145417,0.33840004925946904
0.9226645164510154,0.3460603324489197
0.8256586153763228,0.3378531656828803
0.87286442545463,0.3275442551729038
0.892974287027737,0.3406783320066968
0.85650083143024,0.3212611057036526
0.84758298481563,0.36771017932748445
0.9241591176460119,0.3295094363434905
0.9499343163784499,0.3343890142444738
0.9514623355692661,0.351510136859641
0.843257210206835,0.3176176840431573
0.8268158050282661,0.352434032255848
0.8917206396295858,0.351397308315256
0.8934412207724137,0.34818718611914456
0.8436651694067403,0.33494042488751996
0.8429233773449638,0.32750513221160155
0.8170826065363649,0.3428179572257287
0.9270508997198981,0.32624665222200455
0.8820192260749484,0.3386164528569799
0.8321934087192763,0.3468612286528173
0.8993509842194005,0.3151177655764415
0.8934174817665343,0.3333115181814659
0.8643979364326957,0.3285565423586009
0.8595283862423708,0.3363038683792972
0.8521282892340105,0.34399212976024046
0.876756723422178,0.35755680741304546
0.9822786168261093,0.32943793880429534
0.8743818252136106,0.3300008280971158
0.8570841903030824,0.3180955053253183
0.912710577267347,0.36264079916853903
0.9403629782211873,0.33316444289270003
0.8076336106938709,0.33785314952360795
0.8791628115151409,0.3402444808260244
0.9084294187203835,0.3379186183943019
0.8378965192872087,0.3408819715777892
0.8338739307456787,0.3566335201724669
0.9267863004279426,0.3372576484161329
0.8254111621673333,0.34138878576169046
0.832765282485349,0.3258175547614614
0.8937416990232618,0.3420357244132055
0.887837790838928,0.3600315429511648
0.8985983345600999,0.3642968740074129
0.879064308708698,0.3325795805722623
0.9015032822678006,0.3497680377199468
0.8774144199404519,0.3176921191664192
0.8743487073187862,0.3320499675090547
0.8785151066299435,0.34555539906698707
0.8565953859047605,0.3278539933802768
0.7725916354583585,0.3589553724390532
0.7816482860508767,0.335475500311281
0.8610502476915136,0.32939302939075077
0.874491463980714,0.3448863769315637
0.8671537600521763,0.34769386841216104
0.8710218488867287,0.31888006483680625
0.8448489009146651,0.3358076735530374
0.8654238624486585,0.34494356897738754
0.8630898000597251,0.33379434575709155
0.8521412713564237,0.3327088698897475
0.8901815464649868,0.3060043525871903
0.8996009206095428,0.32650652549482373
0.8798405765772402,0.33095805967856023
0.8703406737700672,0.34046610515926
0.9330105916920111,0.3375654699439736
0.8702683151366801,0.3413693552817498
0.9245048540486307,0.3206122601527318
0.9460128605099728,0.3443191682729529
0.8714431984101643,0.32394917292874653
0.861957469890015,0.3607329211820909
0.8757368904467369,0.3288182564496188
0.7966092816863821,0.3526049538064375
0.8608186377040197,0.3234103859867772
0.8742745512678651,0.34254281153718
0.9172650424509479,0.35813407964544924
0.8625581003902184,0.34174267839896305
0.927335998011423,0.3285613072482904
0.9134255853855351,0.3304866403143814
0.8917672376162262,0.3623797436264914
0.8772521970172251,0.3315314364489893
0.8710574804071491,0.33609374307266865
0.8466573468564655,0.3163888701582033
0.8452305963326928,0.3437748702532117
0.9370926313728078,0.32115356273239287
0.9008840799956006,0.3352809508541296
0.8385196244510977,0.32339133712022766
0.8922904035581564,0.34661933960845964
0.8872739732180279,0.3393161854315538
0.872253851346936,0.32441884095463525
0.764174471064396,0.3375119937477596
0.9213549505516381,0.3573186484775817
0.879807254677011,0.3730175597662478
0.8410413192021675,0.3259114915724982
0.8932133136724316,0.34666185637531216
0.936965508782323,0.3272049581934404
0.8585808511634235,0.3370321414613793
0.935043354136736,0.3233793642245528
0.8925413967750496,0.34509177914562883
0.8426170209784967,0.3227734596361436
0.8149008532731516,0.3546042656199787
0.8516141186917843,0.3541496532505384
0.8516306908532942,0.3219960065147657
0.8807420658466747,0.357201455727558
0.9340275716856774,0.3321743464740494
0.8288980137962187,0.3319058658731537
0.8880629770701701,0.3455873832044852
0.8721121883781917,0.33640241856849695
0.8493450584943233,0.35304789123251085
0.9095446941159696,0.355553954007603
0.8875463479893657,0.3362616657674439
0.8854402912449144,0.33319536519435206
0.8819549048498329,0.3335075143875141
0.8776481295052989,0.3333106685482696
0.870280491736277,0.3408639372001455
0.8083904785425602,0.337764226721427
0.9259237686286907,0.342040283546464
0.8466060834412561,0.32587962395055375
0.8109043549321089,0.32523398418083604
0.869855450930699,0.34558945251369544
0.8956103310669119,0.3422917245069344
0.889144096725182,0.36851875719493726
0.8979033006773446,0.3443924241476335
0.8641525295394972,0.32115613220884853
0.8903573447307107,0.3153164734650291
0.8850954145552683,0.3289555922164699
0.8716918006279419,0.2999707276606747
0.9608987095530163,0.34228314813207256
0.8494862170399712,0.35954801514177803
0.8338764868883761,0.29796598732291485
0.9005406620649532,0.3450100118608362
0.8458019204181141,0.31853303339942113
0.912028940115168,0.35124501686278303
0.9303759510322642,0.33844005372346525
0.8992051024312797,0.34321817150857936
0.8586426167682775,0.3389144275301798
0.8809940030429981,0.3456679770334325
0.9488262452900216,0.3647195393458667
0.9120720455482275,0.3282832468796976
0.9369301869662947,0.3698457121823286
0.8658127695922133,0.34484774179789546
0.8287242797082948,0.3198210966922809
0.8469079525661476,0.35487903608632065
0.8230303424749487,0.3561356413916988
0.8772707310269511,0.34383804642869736
0.8655742760478802,0.3125823432931497
0.8649780913917882,0.35296611526178673
0.7893611146652575,0.32977889352484513
0.8595556183303248,0.34132618030769446
0.7897821579375737,0.33061371084534735
0.8885780201113058,0.3241293807980022
0.82063423733502,0.3347069709490395
0.9321574953788184,0.3212311316258673
0.8705370216122454,0.33019072473692407
0.8582151635244772,0.3393246380934811
0.9298712104625485,0.32798698552949374
0.8273423443453223,0.3281923591955275
0.8407099448470402,0.3382053065447392
0.866814422584586,0.3419977474637578
0.9029913745139861,0.32185917168479256
0.8728649577620584,0.3332340679107238
0.8403824156621695,0.32910228885094533
0.8800094402713163,0.3504086012632181
0.9080868453102706,0.34387392541213385
0.8252932117029304,0.3370039481655874
0.8817210303676235,0.33161313781925233
0.8466998720315531,0.325696204922095
0.8763334837834553,0.3297310078169761
0.8380377303758656,0.3403582076299982
0.9206007068923832,0.3439172346923655
0.9886120353116613,0.35349893672251054
0.8458103154483683,0.3534838520643223
0.8412446839559631,0.3104460691328843
0.8701561122106194,0.3253558696387456
0.8964717755813785,0.3467628101115372
0.8912778683182538,0.3535677348541303
0.8674621491065144,0.3402294950491225
0.827196482448298,0.34353721761184236
0.8293622746706497,0.3191099762928485
0.9102920764453606,0.3505322186155364
0.8001158709326374,0.3498904988357447
0.9232870907710455,0.33999342789432274
0.8772604585505612,0.3574644549845902
0.8981644692467567,0.356741837017924
0.8307651087520171,0.33035544904218056
0.8474921468064573,0.3569541094877241
0.976961426142442,0.36428844817834927
0.8463772242917347,0.3611761396975895
0.9060882308161275,0.33208710748806775
0.8741278275739032,0.3437372206343366
0.94666292001867,0.32401391606491464
0.8906124243532549,0.34327871941550847
0.8687775890793712,0.3302699262960693
0.875971182034154,0.338671166936888
0.907825268030112,0.33309662754916985
0.8051212221759929,0.32334549970315546
0.8629631623884758,0.3463516440434011
0.9597171043598234,0.33259492115382744
0.8707270921685039,0.32838392867921845
0.858388126283463,0.3211825593576527
0.8256912339849507,0.31573369591966444
0.854273452323415,0.3624424823915127
0.8569386281570937,0.32920440435655457
0.8798023510824184,0.3395425440906546
0.8701296589134433,0.3291367761523428
0.8851445347079154,0.34592116876759876
0.8642413561793857,0.36266814499434524
0.8532769802073731,0.3516935397999738
0.9258404006390832,0.340188191087392
0.8479175834938215,0.33022934542521115
0.9604516264253444,0.33492322277569264
0.8781213260800473,0.32600391908688525
0.8673999219629158,0.338137263754837
0.8898186783450553,0.3240580500450257
0.8563381724485009,0.33039203181551624
0.8991935990608826,0.3209376547548425
0.7959395519491395,0.34560009229514843
0.9145271440418331,0.3370123496213569
0.8878639225061806,0.3329570553525663
0.8702819816775578,0.32608380121206687
0.9456047464143008,0.3489033267033248
0.8517365349816725,0.3150244900546964
0.8512109571998435,0.32493121944893893
0.851677479936942,0.3162528952676436
0.8336508596994024,0.33515586824942534
0.8186583180317577,0.33535624170622685
0.922087254265464,0.32986539590809055
0.8910764302995553,0.3156239787707488
0.9494886401438584,0.3354338510279174
0.8354708818632257,0.31175601943002956
0.8853027987358593,0.34465066460133276
0.9156468460018707,0.3264833454355525
0.9161184284417034,0.3403201933152389
0.8749436292199977,0.325196894196749
0.9027819517367206,0.32971547784965766
0.8809072842645524,0.33562095154034316
0.9035394323191195,0.32333259670301545
0.9085763539934706,0.3115292013687937
0.8285087348712539,0.3478256675196614
0.8559213423838528,0.34631708716277015
0.8779045602970315,0.3352644947311833
0.9066710150092083,0.3260439576869057
0.8840866028949086,0.33143359578999815
0.9100661453087227,0.32348954960599846
0.894908725596822,0.3584475325987523
0.7794818017587893,0.3079742896054463
0.8741184217072642,0.3630343298877855
0.8677107521777108,0.3282673952590746
0.860567902287747,0.3203076136996171
0.9004059005966452,0.3344351553104353
0.9045629993782345,0.34434107283167165
0.9079877151203977,0.31272591503965996
0.8765351553467351,0.34373511789124106
0.9262306389523874,0.3343419100272385
0.8405152639241644,0.3330103360833298
0.8661036474772339,0.3207329645529585
0.8867916752612025,0.31409487738910435
0.8463393485299378,0.3167389534403536
0.8361853780684332,0.3465075111335337
0.9189460602457891,0.3241177909421169
0.8380393530537193,0.34914072784688854
0.8603677549172848,0.3302982727775116
0.9058063796862492,0.3445365107483698
0.8920868049911943,0.34206001994026536
0.9060648894757422,0.3214727623280173
0.9067679369923621,0.3167483292353072
0.8146564019934024,0.33295235177578264
0.8608441636694599,0.36101339109229785
0.9008895402992884,0.3555307844239886
0.8928941131801094,0.34781288708055635
0.8662946323242915,0.34370269581758867
0.8956835124056706,0.33754603403873157
0.8869790478901033,0.3389847313417737
0.8450737312393138,0.360071274679991
0.8846627207108355,0.3656398556545443
0.8420547295100875,0.30961830520409583
0.8703099002135617,0.3541567217578968
0.8587596107991815,0.32199807699948363
0.9235444896678051,0.33337598343707164
0.9263078141448124,0.32621054231844
0.9287165069757993,0.34319608967435616
0.9172158067990877,0.3559074613794558
0.8908593253092327,0.33746744838967685
0.8246825116271709,0.3507668014344457
0.8200760990727529,0.3259382971008674
0.8277121589148383,0.3433067680579333
0.9628386348338008,0.3412084170356719
0.8661709580870719,0.33138815270725247
0.8295510268008943,0.34152031740266037
0.904225592747099,0.3442299784944403
0.8753286816985755,0.34383727707925016
0.8305514374651468,0.34712797003930457
0.8424354146205866,0.32655570609434653
0.9275075280504493,0.34046661721714316
0.8368221974578924,0.34332173351687273
0.8219160434072331,0.3589233433304438
0.8957108241151917,0.3335398317234846
0.8173723810014162,0.3484100194136104
0.8682149592149108,0.3361902676835273
0.9190381925518682,0.36064516511071415
0.9034392525355435,0.3450037370515262
0.8317201659554221,0.33604126593958916
0.85085172282489,0.3222891529760719
0.9177887957207939,0.3423070953496174
0.8557410353164208,0.32815459376284234
0.8999273553284939,0.3611195049216685
0.8895180031257148,0.3557722005015069
0.8986782120737542,0.3201221712261027
0.9160878458990752,0.31833664753677127
0.8850030744032897,0.3561627336559014
0.9241332004755372,0.32851637664690175
0.904899966729761,0.32388303458722517
0.8106982443238131,0.3425880243055956
0.8521444555966026,0.3525716387043346
0.9021455226298575,0.3503714322456171
0.8807943474326032,0.3498056028871031
0.8760640768502679,0.310766982986869
0.8171169657205395,0.3157146787041908
0.9145783728975443,0.34220802236722797
0.8709058189849768,0.33625663642851705
0.9043607428467781,0.3476844520603386
0.8515322786948757,0.3522591324178722
0.8595608994756694,0.335726983699726
0.8636273501338844,0.3337801797129984
0.8452847855905115,0.3432169750503234
0.8577368820178788,0.34418408171383247
0.8625079014827601,0.36037953196261174
0.8424851954621505,0.33450838473874206
0.8972283675142523,0.3215560397566509
0.9337903277379069,0.3278973504144232
0.9016156272821536,0.36380422689716135
0.8454039983927814,0.3347133248334843
0.8579177540215656,0.3493793357618171
0.8524695706647176,0.35637204417472557
0.8137930381411885,0.3397904133550926
0.8976463787185083,0.33985839202080237
0.8641018126396496,0.35056854995921444
0.7732090828962965,0.319200572481689
0.8818731700071789,0.32613464656604063
0.9059034221594683,0.3460589170784899
0.8789860746330049,0.3222840155037407
0.8203700546875913,0.3307104141039709
0.8910181274904267,0.3488789377310105
0.818779707251706,0.3351447012685805
0.8648949864689564,0.3650370958667466
0.9322459357051469,0.3424157826839592
0.8671440676594862,0.3198391039029292
0.9288862827498177,0.3335995135044792
0.9178873805363659,0.3642963358021994
0.8186957083236754,0.3164777874043232
0.864617316349154,0.3328185102476517
0.8817949535397986,0.3308347454565814
0.8617740901261093,0.3416171944485835
0.8383877914099942,0.3152501912802557
0.8705207668430552,0.3459417631868452
0.8252247863342805,0.34309133206390646
0.9417636626370456,0.36561701716219563
0.8804120032749136,0.32108481957885854
0.8979498404120996,0.33695180620948745
0.8390678252496946,0.34552296741856686
0.8537153980662617,0.3083587119003221
0.9046647751749116,0.3313401569171462
0.9040313374828262,0.362472736624427
0.8736029447248652,0.3510829255055712
0.8740147813462906,0.3439096554246791
0.8689621507493654,0.3542789192936749
0.8201312494858338,0.3234012305553607
0.8583457727183019,0.3548975034589759
0.8790416302765018,0.3507111976945394
0.8627683310920911,0.3297220252937514
0.8495009301379324,0.33269534283964775
0.8624929164777562,0.34837313894669114
0.82882478693972,0.3413129098896027
0.8596246975728399,0.35264355194919944
0.8706535930190781,0.3470771567155691
0.8344319251390953,0.34463912701942473
0.8380310361898043,0.3229081372575656
0.8731792299104078,0.3004852080599116
0.8377926368866528,0.3117811529310939
0.8411312413842318,0.3504748412424206
0.8592702605939446,0.33752936149404006
0.8970675452354457,0.3361571195220719
0.8713489803471288,0.3263099706260285
0.8583182056152185,0.3402942864050532
0.8797434187623709,0.32237145970953573
0.9654380487331655,0.3560915281905085
0.9325647826356628,0.35955059863680455
0.8807935740959885,0.3237118848345989
0.9256693939430582,0.32060302973244154
0.850907315619081,0.30892478094911896
0.8550674275561099,0.3687773837371795
0.8572466884705802,0.34368636084479287
0.8877068207776121,0.3444053405579363
0.8635195688966932,0.32122532150740724
0.9059911875711308,0.330656555709032
0.9088609005403918,0.3625709962123036
0.9400929521687365,0.3372675437257611
0.8406349730839964,0.34491306178532705
0.9365323071325914,0.33978305633148737
0.9270267612159018,0.3330295478938131
0.9099768894290008,0.35055488463388174
0.9135793341509019,0.3420530068848182
0.8822168760112095,0.3322728202935826
0.8052631744032845,0.3317195942590815
0.7980098170420262,0.3284001250074922
0.8617579684302235,0.35498424802581363
0.8857615187536918,0.3515935280764854
0.927717675809753,0.3458201991910857
0.8729365417655293,0.33697106262633586
0.8982127884610163,0.34260657932767535
0.9144339562086207,0.3245084880194884
0.8604958954730584,0.3365465754670345
0.8540429099343471,0.3407551808364105
0.874647422707756,0.33696456161833527
0.8710652905528035,0.34184141046875904
0.9197250482063444,0.3339106881934132
0.8874545181573408,0.3260647032561292
0.9105184017818215,0.34983467789137684
0.8522360342363307,0.3637290554206923
0.8560753191958517,0.3355822390333943
0.8561717045470543,0.34869970970815567
0.8799675949893903,0.3404484679470569
0.9239558038270715,0.335210154509832
0.9342261651533406,0.31986757144621625
0.8534172016569772,0.318547263356141
0.9590869471828382,0.3220653067876468
0.8112088972907487,0.34229406223291314
0.8285525120000733,0.3609233304247927
0.8832168036058573,0.3606932260193498
0.9104075688373684,0.35056085904483014
0.7763457204077021,0.3389257577544667
0.9583966539587582,0.32515342975514533
0.8686222971260449,0.3210325157459526
0.837797252934295,0.34165804519954096
0.8568759932656765,0.3372718698365428
0.858681614296177,0.3385849245144748
0.9042901623051819,0.3479569291773282
0.87447323401015,0.32185843772883865
0.8664253439427432,0.3413693845069324
0.8421470522235435,0.3215808908577037
0.846380281897464,0.3427779211561484
0.8343164134583911,0.33051962304688315
0.9311413620085436,0.3439738995464254
0.9101688484498489,0.31857366556059247
0.8593999492910431,0.3246960382404145
0.8623797376432549,0.3336807090921516
0.8928922832393338,0.33328270450550834
0.8668627929308335,0.37110116502352597
0.8778711488476446,0.35424498406370175
0.8181302716469787,0.3419991514226399
0.8713307217389332,0.3642655679576679
0.803762005445857,0.30266179601659293
0.8884568168087588,0.31833774719632646
0.8943616587555889,0.3380414728097178
0.8241537631496598,0.33670395478245085
0.8132113431460478,0.34552929468291577
0.8372284295587678,0.34716960811240877
0.8771161909900402,0.3307598070879597
0.9151632990642603,0.3396662264858556
0.9570729065407033,0.3326033598034925
0.9217412785963037,0.3142735926121697
0.8972546558021557,0.35026450547072996
0.8239987831888554,0.3370187085676541
0.9155376060977138,0.35362858042523
0.87825723804471,0.36528337706448166
0.8879909225108182,0.3285564811415995
0.9751253302319182,0.32641941625156684
0.8842978900779956,0.330814739399894
0.8159273275056245,0.3468106425722663
0.8514627559631754,0.33923618966977626
0.9693367776137648,0.32427086092248325
0.8586638980621311,0.3178080641281623
0.904991510806952,0.33267814554522107
0.8947947525644647,0.3439807132728365
0.9074273893433346,0.33217610143919285
0.8512747367704107,0.31699516380963727
0.7930589197676747,0.33677633666015644
0.8687510794164437,0.34956279414224445
0.8453452138907522,0.3629638777690079
0.8686179782273074,0.3273726215624268
0.8552865101774992,0.3423792257412701
0.8881411491074739,0.372726566928543
0.8614644287323603,0.36514897864536083
0.9313725130932633,0.34602080225564263
0.8906666387133542,0.33278887747647967
0.9246420673091813,0.33421908028924435
0.9016751904426386,0.3287857830173431
0.8794464377981557,0.324538697667943
0.9530790221817491,0.3433181540168817
0.8727573706479033,0.3127184182389142
0.8744854783324292,0.34908862473110563
0.865688707500347,0.33754609230391747
0.856365104729388,0.32676952708762685
0.812683334278069,0.3181522648888819
0.9229066808800039,0.3289615865707937
0.865554693446694,0.3100427251715358
0.8981459646004218,0.32852505067087995
0.8017100965467254,0.3396736791814197
0.9105429035766023,0.3439137021818846
0.9013928069006487,0.33178896904455
0.843118891570202,0.3281893940341724
0.8725591351000377,0.32765611156031493
0.8329182976419813,0.35089616799487705
0.8553387316716903,0.34172333792164084
0.8391119059047976,0.33534722547366314
0.932409710216255,0.3389871758414386
0.8740082950502057,0.3120952891846581
0.9366138449299174,0.3454607301281452
0.9266847694614078,0.3162068646865526
0.8570252970939457,0.3511502335555469
0.9546643383281878,0.34843876937810325
0.8563614086260676,0.331564833453872
0.9329961461658117,0.34642362540492094
0.880387321624452,0.3503599511693909
0.8330721203747825,0.3553913256330108
0.8831131756672943,0.3460664478134757
0.9179102433384925,0.33315574795370095
0.909723050074129,0.33022911342066935
0.8364135328930762,0.3374044489358611
0.8487119576770921,0.34769554250558565
0.8330270486330407,0.33757866512366985
0.8209595745918258,0.29597393467416655
0.9208726852700378,0.330653935717362
0.8703117871835988,0.30708859418238016
0.8346310967728401,0.3652664981278111
0.8669898057974873,0.32707529742905167
0.8411948955488061,0.3218844099999457
0.8232209936188395,0.34657892287999537
0.8803524638897979,0.30592964654515453
0.8724092616048662,0.33162812342889453
0.8223919529522772,0.3335018958843953
0.907239871094004,0.34271990420419934
0.8655553377620616,0.34857444826295897
0.8663375043480003,0.32820483824901764
0.8327176484388453,0.3239535717382291
0.9939259604369197,0.3551503033503929
0.9446811508255488,0.3337034697137922
0.8812727366744639,0.34394567603924414
0.8735976253705108,0.34208794991152425
0.8796784856002068,0.323331064664334
0.8759815567259263,0.3471457076858026
0.8314300897121056,0.3178181325499859
0.8293980593307909,0.32230781922036156
0.8649384857952913,0.33471892788862984
0.811151006483255,0.3474285718280065
0.8814031597373979,0.33996565978446747
0.8573870231949787,0.3127783932134763
0.8278624342206882,0.33099557470918883
0.844983874723747,0.368720850318524
0.8327621209814804,0.35516785619371694
0.9165790917339031,0.2945177948523677
0.8188871663087799,0.36567559183233905
0.899620924792101,0.30790569646426436
0.8949150948189525,0.33730614007495197
0.9046430173134592,0.32737163388407214
0.8611730700784351,0.32934924273018534
0.8854549796817492,0.3375637587367336
0.8356072210410769,0.3295851927194309
0.9287998492121574,0.32709577748425533
0.8348787773631106,0.3441569881414617
0.8413410699872534,0.33256504534111714
0.8591715780224559,0.3261815718376553
0.8202047764871319,0.32830016626017267
0.8376702196934633,0.3279781965849035
0.9078568392224589,0.3377719649473273
0.8799534908980098,0.34492325389502
0.8039250035210413,0.34129703153606655
0.8664055622152097,0.32935236839665405
0.8175634166095798,0.3288222253298294
0.8250213021997189,0.33224547034574764
0.8793231279008806,0.3272953460513007
0.8963063038577777,0.3332478447921065
0.9878528726710011,0.34683517200274555
0.917103180413978,0.30022640284858243
0.8837845690919726,0.3443724580218349
0.9269387662236608,0.3306011460358014
0.8477751605593128,0.32503694403935807
0.8793245391271998,0.3418812364551142
0.8810196923075134,0.30783755742962443
0.858703311201436,0.3343090921922926
0.9446752167200732,0.32003716077661654
0.9273522472092042,0.3485299934698628
0.9117693367092692,0.32920279013450576
0.8992805742628477,0.34387711996752984
0.8390249757123077,0.3415272776146487
0.8815980856850472,0.33683815706251546
0.89246431976574,0.33149225874812493
0.8821012614292517,0.34859705225818277
0.841085902674785,0.36076149908113603
0.8510668781216233,0.3140348138422638
0.8841160342331902,0.3422555586236016
0.8679693360404606,0.34684746580597814
0.8671651944763324,0.336214322794469
0.9099415596675698,0.3338849835945624
0.7745067977348199,0.35708426342419336
0.8679732252383,0.33699032298995346
0.8838543401457286,0.33272864749994213
0.8819767191571102,0.3602782333521191
0.858581770835288,0.3366832592763591
0.9536498424593144,0.34346736631049407
0.8732260600379134,0.33937896620899793
0.8802439550925808,0.33035956910362857
0.9415429120924758,0.35041176227008225
0.8634549912812627,0.3361045096524557
0.8144713956861748,0.35450312941990175
0.838621065629164,0.3334006942569417
0.8942861921307629,0.36087992044221345
0.8958705098594297,0.3294680511018778
0.8627151728497899,0.3244774845671909
0.8409667399740905,0.3104123619029267
0.810142556190333,0.3422694112768777
0.805804529612545,0.3568136384680877
0.9007465705563718,0.3186983669977472
0.8565570774760645,0.35016912762280783
0.8599198185753311,0.3298990348606893
0.9529963323384147,0.3258488416559758
0.8804188938011176,0.35719214415059936
0.9430074466961061,0.3223861826076122
0.9086264973905003,0.3354150765456344
0.8957505075642068,0.3423348832919258
0.9457291613430587,0.3403587390573551
0.8466972415165022,0.34820984251332
0.9059401533771594,0.335511990254509
0.9432003867217013,0.33550986122090526
0.8690332482020775,0.3349133756298682
0.863309996940334,0.3246575690391816
0.8604187611620459,0.34337961073542256
0.8453157135359433,0.33285471065306144
0.8507804508577443,0.35132951393282413
0.903830514488557,0.3335994569138476
0.8362935069708466,0.3543908217695711
0.9037331591564286,0.32047610666031545
0.8080825771415857,0.31221598541833756
0.8743913250719273,0.34701881053921685
0.8526522916718724,0.3312471986945638
0.8182842462603036,0.33234933602916933
0.8403141688946001,0.33485533106011445
0.8313987975023769,0.3359357993350562
0.8445957121090768,0.34900560875426784
0.8460458437076737,0.31821046618045057
0.8979901958401098,0.35337863087115
0.8709191374827538,0.31612373386814363
0.8498069021508378,0.3166384006446835
0.8773667420861893,0.3202187517037799
0.8932326346217319,0.3080185224384413
0.847954799228307,0.33956184353476077
0.8600928445378724,0.3519680445428905
0.8475830187871606,0.35474225223286715
0.8722353846717155,0.3550748679335842
0.8663316144285464,0.3469414901792796
4.672291188845426,12.11017303026239