1.6512781834052694,0.8057378359668741
1.6772582888975132,0.7615536274179543
1.7158231918095672,0.8129746355711391
1.6883868658845578,0.7963555882042775
1.6132537150281452,0.7628423242652742
1.6487123710994636,0.7826736511284532
1.6639074877428253,0.7755276478200012
1.7870939360797062,0.7937916785966272
1.7274249407135531,0.7815778398037962
1.7306955781190636,0.7922912934523774
1.6929253744607877,0.7480625425489017
1.697973607796586,0.7681817594904097
1.7032777566474675,0.7847934503906603
1.7041266845457803,0.7708993704218181
1.6907174752153749,0.7819238744971079
1.6708006236508186,0.8031364682119678
1.7330417113434238,0.7701111525974201
1.6237714908384087,0.7580347801978342
1.6508199182449854,0.7725984084337926
1.671717739136468,0.8127589068937723
1.7631037442508324,0.8075031528822441
1.6550959427095555,0.7758155749428158
1.7153321981653524,0.7817914355840683
1.692119175420341,0.8122576665689214
1.6747569805800635,0.7633201145177456
1.6734995196855569,0.7686611821481488
1.7495218765189156,0.762251334918718
1.7634363615604192,0.792895769561721
1.7184783394169478,0.7583874915769923
1.6391844371010607,0.8011527247251543
1.6667982429326265,0.7528401399515441
1.7288827963884703,0.7780878932548138
1.6644623013154793,0.7727528367908372
1.6339103899374117,0.8055052591425149
1.7215502317477627,0.7459087357688037
1.7662270293979563,0.753077916088647
1.684270103051459,0.7779445395810064
1.660699403087512,0.7905812240065961
1.7288994795881534,0.78308913951593
1.732536359000807,0.7930008136925834
1.7580633170326583,0.7521114452472348
1.6217078985963505,0.7656657834984344
1.6866969138468204,0.7839739870603791
1.750337674530119,0.7866778854036874
1.6867164370656476,0.7941264346166111
1.7292653254758212,0.7770642707731863
1.7053078296046187,0.7757322054780362
1.654810371014188,0.7909635928415235
1.7597371201450782,0.7701068871520176
1.7017771760144123,0.7685449473612296
1.7820324331865758,0.7824537796399019
1.721671351918536,0.7895193969229423
1.6538024176288346,0.7701934958677971
1.774205053690365,0.7861899152921622
1.6675690092019773,0.7509701884465351
1.6389847480027375,0.7931752063679663
1.6458936665542168,0.7552736164528852
1.7089956516532483,0.7803819530056667
1.6831682846133067,0.796539759888779
1.6871235166272474,0.7708439580028199
1.6983368841264983,0.785827808715918
1.7403206592342038,0.7570556965208279
1.6935173110875537,0.7586533388595073
1.6949030081289744,0.8036615075651854
1.7741598612368696,0.7751970746349998
1.7399979854255005,0.8007521712654931
1.721013645067997,0.7828030350658066
1.7007714758441868,0.7891897292097384
1.6854878422277935,0.8156643222721497
1.7283433475040737,0.7564977200558659
1.734117838204568,0.7695347999158318
1.722027949419294,0.7780958633827645
1.6970237809855406,0.7825492727515403
1.6906640157849688,0.8131110229059487
1.7593468806506523,0.8078355246759358
1.7201984315972894,0.8026191453259814
1.683009936990898,0.7793470272565062
1.64997243101183,0.7962029419374066
1.701272755018595,0.7693728723906479
1.7158865485824162,0.8184450659942851
1.7564747851755609,0.7580214927081402
1.6075088830581856,0.8029730426350008
1.7056624947840044,0.7917482241158825
1.788698360879948,0.7489153890910837
1.6879047293383163,0.7674096364206349
1.668574490736306,0.7773954156303109
1.610424013137018,0.7982845253608227
1.6348594327706576,0.7505940080948553
1.65095560078988,0.7849496546003701
1.6245091512730245,0.7852745009971459
1.6807653882676248,0.7972212098955304
1.683737758211512,0.7853593728187344
1.7345869298144154,0.8033029423927892
1.6259283375019082,0.8036268028067698
1.6842171784965034,0.7661468891703487
1.7519454643240981,0.7990922267141214
1.7173453889894872,0.795564103531315
1.6321370914912128,0.7894795954857732
1.672643961061253,0.7742972139851715
1.7017220777184106,0.7709171401968226
1.6950883524177245,0.7863493815825892
1.6312637365467426,0.7972587511884498
1.7197742392609396,0.8083676398042493
1.7322595172613855,0.8067604955555556
1.718367412364681,0.8046958669493028
1.645762553278934,0.8170922230377868
1.6173124729045056,0.8094459578298641
1.6436093444214985,0.7751684996810704
1.7393478074015778,0.8183139969194546
1.7041731872616568,0.7835135452269527
1.7406897882111068,0.7811777508576713
1.7199834438455384,0.7694903558026522
1.6924724039145356,0.7703485241303958
1.6822814409629585,0.808768121875535
1.6942492839773904,0.7683922641290527
1.7579795547184578,0.800489138596422
1.6319173229560455,0.772889070938154
1.6525268765630703,0.8015457206026795
1.6704071777947673,0.7897588811458611
1.6989914610636065,0.8071575639308051
1.648682779947284,0.7719426246384753
1.7566606274095686,0.8057592055183407
1.6662362714442622,0.8000369032640865
1.7487900033934687,0.7980460151477466
1.7067000164165382,0.8083110651759472
1.638733354136085,0.7712246115112957
1.7821240868469295,0.7699643041455703
1.7590116142445815,0.7802976947488645
1.7221002973937092,0.7660796614357112
1.7128769130799109,0.7990675662323181
1.6558932295040416,0.7888974727149972
1.6511170763317025,0.7641159085742484
1.7572965145207244,0.7885190274576421
1.6515002727680976,0.7837926971269659
1.7330409547985666,0.7952444569321481
1.7546371311396085,0.8380483630035432
1.6614743843629665,0.7930177348412172
1.6524401548246141,0.7997676992850692
1.702227644362291,0.7928149262497975
1.6992941305896483,0.7854201011684164
1.7191389127162433,0.8039332166511115
1.680085041901005,0.7712467501257567
1.7087612700752468,0.7846931900594047
1.7128137683784819,0.7959104650177116
1.7205645130399914,0.765850675264231
1.6540558995454289,0.7742907314863191
1.7365043397246434,0.7881922642712602
1.6811844391611337,0.7680206406528071
1.5550079223348576,0.7917476350645858
1.702982069720516,0.7880271364595692
1.666530528059212,0.80707991443966
1.6924124265925393,0.7909472473372512
1.6776454142432087,0.7970833094057992
1.6634848443819261,0.7778540064184686
1.7555123764890128,0.7948042905596987
1.6821165490245729,0.8127113775777565
1.7658944015882128,0.7942242880200158
1.6632485656708766,0.7853986290835727
1.7364144747608645,0.7938669377294008
1.6540683372109852,0.7943593516148
1.766133193459145,0.7881292848758907
1.7481547818779721,0.800162046864218
1.6596238846444638,0.7570634564175144
1.7080781444470372,0.7696657598635054
1.6904499597399343,0.7616931930265141
1.6918863837689928,0.8067113913192412
1.7681219896402578,0.8074505911328369
1.641101090369055,0.7613024576208894
1.7207766758692737,0.7956049900060719
1.6270828073831032,0.7709920299849061
1.6307084460083503,0.8051409237639122
1.714335998432042,0.7804410796459976
1.6048160354585523,0.8083013199331627
1.6495573439675453,0.7516690637568457
1.732297543312,0.7835278261879411
1.7464075756984332,0.7838504155076238
1.747204568517462,0.7905715462573458
1.7175264158807138,0.7572550326020984
1.7471287881075204,0.7537244775375832
1.6761613998964258,0.7937852591412131
1.6870520478827478,0.7743883198677957
1.6507708860837598,0.7969776765956346
1.6471478514253783,0.7870252987885199
1.7023797742828242,0.80017602600972
1.6986940891294118,0.7562044491562455
1.6918171539556555,0.7886849640003744
1.6329238694229093,0.7897168515173032
1.6869410189937089,0.7965400768138478
1.7094086069868255,0.7836340552073171
1.6521507965965716,0.7644596470397459
1.6489899001596438,0.7743950732345994
1.6448288990884934,0.796535172577002
1.7150833967383186,0.7977791510097084
1.7360893433529265,0.8022893154869276
1.7367679591405718,0.7778636420296106
1.6214779367162642,0.781167732739246
1.6630062280453288,0.7846004899907384
1.6953045370153432,0.7924437141512575
1.6249772307420287,0.7664024880204952
1.6530493602110308,0.8075645362920929
1.6618378163115581,0.796689475225163
1.766530538977476,0.7875620183938861
1.6577536757189966,0.7742384045639582
1.7219775849270618,0.8227479267619469
1.6240849630656085,0.7713806557046454
1.7588028873238362,0.7883256666516967
1.7862220320332474,0.7868595912334958
1.73375286853497,0.7899664800041153
1.7161391710304237,0.7977696686397574
1.7889723715250962,0.7744505633996894
1.6674762478651894,0.805400133678602
1.6794213558055051,0.802917853296932
1.7331338986019054,0.8053323501992354
1.6224106573420116,0.8214802966429902
1.6691399509215412,0.754161597982308
1.6570921252183002,0.7712326889555767
1.7220517025668112,0.8100291365521461
1.7130602795877141,0.7973750170961598
1.7410171931524325,0.7852177569279989
1.6534289137040805,0.7793648429815643
1.6476296002344355,0.8086878921406182
1.699554432090213,0.7913157481164046
1.7311591908350945,0.7829095412361721
1.6736131930998366,0.7650050429473991
1.7387751084801732,0.7931002912334941
1.705017269015818,0.7742696295114867
1.7040757961859403,0.7666715035985894
1.6930806092790185,0.7897996489078941
1.643840123766153,0.7824979296391057
1.6823272713678044,0.7802720911500204
1.6869568972137716,0.7848993974380365
1.6738289133039455,0.7741146106586554
1.6874121933032016,0.7857727820208328
1.6182484742593046,0.7936338582209955
1.6725630726663665,0.769984685974165
1.660988471011213,0.7821943520520969
1.6619259781351958,0.7903309153335689
1.673667688441012,0.8104349248647291
1.6578669009119715,0.788812194655989
1.6263840153586693,0.7528299693058444
1.7167520146791406,0.7981690204043743
1.6408485097533287,0.759306051842389
1.6728397484302238,0.7648111178102736
1.7372777989145796,0.7635806320437272
1.7315328761895068,0.7792446606234181
1.6472139310464629,0.8032971459858089
1.5985554973545344,0.8085115879168311
1.6615039888001717,0.7694470487458185
1.7065949799854523,0.777795411439704
1.75680840578653,0.7730222274326065
1.6873599776271289,0.7943484844979121
1.6566465335594383,0.776320088947296
1.723114821219293,0.7966092369939038
1.7140439073184965,0.7608797510670702
1.727589959201948,0.7646030818756028
1.6641605663066354,0.8053192211396387
1.6394990379823124,0.7900929724577986
1.657714441803185,0.8149240823350726
1.6685831541095395,0.7763271180777059
1.6377946164205848,0.80815833246049
1.746712215251929,0.7947224592300557
1.7257112802987442,0.8346261384464297
1.7647567099944832,0.7992539542286502
1.6444083403648615,0.7748787050815273
1.6303659076062518,0.8081714549459014
1.6747405647557074,0.7726148248059371
1.6358594243395992,0.789638956345884
1.721526667913825,0.7803745537390128
1.6523454312456654,0.7998250137673394
1.6697677210253528,0.7722481929386042
1.7044134334601129,0.7808737041119567
1.7581312097249275,0.7635793579465858
1.712571795062978,0.812444114080183
1.6683611781266485,0.8116396481451974
1.6472689619186123,0.810763653170477
1.6330757081134841,0.7886496094991782
1.7116796962595195,0.793008009595827
1.6699771931692808,0.7756780860343611
1.7670389864172997,0.8081402484985948
1.6686974225746345,0.7557700646541117
1.7349001906792945,0.7937784563483186
1.6768900828202349,0.7779700064511514
1.69991285711721,0.8003137048046175
1.6689288286290154,0.7881522727928827
1.6486454186820783,0.7722899467716128
1.6803943768627347,0.8036349471973089
1.5996410188315855,0.7537641881648842
1.6972747979438445,0.7911913575088951
1.5649934771829572,0.8038464556291639
1.6448122309266124,0.7880108557860136
1.706616414375292,0.8221638984656191
1.6949015542648143,0.775236017301351
1.682274770881677,0.8004742017407066
1.7433367885411604,0.8028920452460957
1.7318323147935932,0.7789007641654934
1.5780614642808766,0.8123736743671065
1.726990151433939,0.8163763089480442
1.6674673012411099,0.7837178513307127
1.6831078773233885,0.7597400914361526
1.7121291716566178,0.7549412786588112
1.6608848679168928,0.7894280143614376
1.628423761126159,0.770451859123136
1.728110343775253,0.801770967204196
1.7053601706711656,0.7956379256242259
1.6747275807119404,0.7827559632671367
1.691685661086734,0.766950846053311
1.6374774500710219,0.7815256387695693
1.6677890975027914,0.8039536237862577
1.7304169935422946,0.7877366259888005
1.672721307544326,0.7699538810616959
1.7463651371504347,0.8078397163445077
1.7251308086740045,0.7747921480976875
1.6460861098216895,0.7662986417188664
1.7382745018213241,0.7817049291863478
1.6558624559069768,0.7596014906636799
1.6708861100621855,0.7807325721017986
1.654027538408048,0.8078868359096912
1.7393684408024086,0.7671199007733145
1.725229871100113,0.8068599484383869
1.619338676941214,0.7790830396499546
1.6937232802529936,0.7593473233978657
1.7057130701822796,0.7683642326384267
1.675452339985794,0.786197072493357
1.746439437898078,0.7550122843611198
1.721035505768991,0.7798114263299488
1.7198847192909075,0.8027982117353136
1.6566814639051368,0.7840615391690868
1.6560148754921027,0.775144630634042
1.63987635745598,0.7874634508973472
1.7143358814074023,0.7926959625302833
1.6970234138098634,0.79764771232597
1.712438286553121,0.8193227153827254
1.645359003099675,0.8072582549349405
1.6640359117299555,0.7948926698617297
1.7295381910701642,0.7762077748239172
1.6307948637807756,0.7680957138123794
1.7235180884762353,0.8054150290098226
1.7026816485175178,0.7876836906395318
1.6794038899440584,0.8104050398760392
1.7633390871018424,0.8061549721255334
1.6906566817491355,0.779697849007899
1.6548458086776496,0.7902809002853922
1.6553553878097764,0.7952211271147998
1.7311235383107662,0.7503783587583824
1.7017272615751056,0.8064498003292334
1.7686069526216215,0.7668051121362953
1.7210211803027409,0.8016150329002029
1.6570333519953642,0.7619712749947145
1.6532114895532721,0.7581540070374756
1.702438357916166,0.7549095903545263
1.64331202163039,0.7764534319192951
1.725414331618684,0.7893452375653665
1.692984922759264,0.8033907047215649
1.6985354291579065,0.7603446081349373
1.764364454930435,0.799391082788125
1.5859855089916295,0.7761072918732363
1.6488411247511838,0.8207884208851344
1.7167263334052276,0.7874640790191947
1.6955915412774716,0.7647148749858483
1.718464672283993,0.8016333658625799
1.6405529517944089,0.7799966010014158
1.618623860425045,0.7839726670770144
1.6984159549615534,0.8081074488794261
1.687232511960285,0.7924541275847373
1.7531038894132132,0.7368814161818306
1.6652110026910623,0.7934770271834031
1.660359961814884,0.7990987639259731
1.671151504342181,0.7694689327258115
1.6767239956112432,0.7942163630060389
1.6783352775375038,0.7879260744868322
1.6321210323290611,0.780191843799029
1.686928450597854,0.76737867616842
1.6937558944803126,0.7804927579367432
1.7114990397624148,0.7682575398402233
1.7192587337698158,0.802802678782991
1.7294683136430886,0.7873950390638107
1.6653706269422237,0.788226349499292
1.7166384052523778,0.7990223775821936
1.6838708151107042,0.7894117265808498
1.617256431273459,0.7933977922831055
1.7210253838349805,0.7841050831365376
1.6918309728744376,0.7774892971131617
1.6693286979980717,0.7498589399702833
1.7390418279340791,0.764189810132288
1.6925619780301076,0.7809854540595673
1.7403483280346024,0.7950384691241865
1.7131479819597923,0.8203789415926105
1.7254468574688924,0.7976283961335293
1.6788716785563094,0.7540861379095716
1.7245439828656286,0.7910141877178136
1.7385174067900404,0.7771336226045965
1.6954538306413578,0.7849701915823923
1.7025168063887284,0.7907985451262434
1.6668882815084776,0.7712535801761394
1.713087761505324,0.7942164353688503
1.7115815020947909,0.7661517678152538
1.5881102070479405,0.7526561708960042
1.7535875894538517,0.8035582942348759
1.7309765781413498,0.780217711481229
1.639732085154377,0.8132979218288072
1.6519418881338268,0.7901363929921912
1.6926820436158179,0.7783439342714841
1.6102880747172532,0.7761167779465994
1.6158583163943154,0.7989960642625484
1.711875805997512,0.7600196512830268
1.6560651742187813,0.7852714140158756
1.6372362130923304,0.7982679704038668
1.713403845556983,0.7837088891176558
1.6660879073163024,0.797598821217186
1.6647300990433704,0.8020942845043716
1.6202357162279004,0.7979967296503412
1.6737914570886367,0.7859035977950711
1.7671587665259503,0.7695176830818385
1.7054190031871608,0.7758717217687269
1.6392422618547142,0.785242779353707
1.6949377388304792,0.7848304487504546
1.6572941027799846,0.8220189614818351
1.6244854985635893,0.7739802829082116
1.635456256672813,0.8137013442284087
1.680750761956282,0.8017815853430899
1.741138346555154,0.8123778269710852
1.7263455578371518,0.7774767156699863
1.630213992943067,0.759630752364468
1.67811251428411,0.7925396508826931
1.668283440858537,0.7643930587926804
1.723323317918099,0.7772668412187915
1.738900842596294,0.8098562177247135
1.6806863161039873,0.7643439579456017
1.7089200151842836,0.7985581418467461
1.6940150419441167,0.7757274935989397
1.6606899937052395,0.7756520685592877
1.7249174245501362,0.7696374749178003
1.7000311504820829,0.7743786355819413
1.6765315288845988,0.7855981556364422
1.7106582302061009,0.7598958496382718
1.7262529117158212,0.7696208178644584
1.6966008590296475,0.8085543869484335
1.632319111634812,0.7523759708066055
1.6714251718720592,0.7795233740040998
1.6391051389316151,0.8001885936549151
1.7243149576375594,0.8183924588866287
1.7600171727992637,0.7978147905432933
1.722935576800773,0.7931046510385611
1.7232619751059597,0.7638353856860514
1.7092756522960555,0.8308157940107663
1.678391902423727,0.7519532903515441
1.7029640464334324,0.7603240024011652
1.6444969178783841,0.7958694648727586
1.6982171904681838,0.7822844845736555
1.7225064886768215,0.7674951516699398
1.721726810171528,0.7845479564042797
1.7106253665078242,0.8015401126380408
1.689909052459845,0.8030669655559128
1.65095487603388,0.8118827858386609
1.658396356642124,0.783736117489222
1.6424130476530798,0.7992094236786792
1.7085185877906084,0.8021788630767801
1.7342728647964476,0.7737095126276544
1.687381903202143,0.7755362618372725
1.6256116938231897,0.791422774504559
1.6692063560824493,0.7989201926783583
1.757715692919375,0.8171106146996988
1.7128501159578873,0.8036798321719281
1.6803395582361542,0.7590983936984578
1.699301924511359,0.8189735616080466
1.714171536563658,0.7754792616579175
1.6301686767760943,0.8047352267985277
1.7161018083891189,0.7574480637078578
1.6173426375774185,0.7493910382428834
1.7845582135272244,0.8039428459332325
1.6299958966560442,0.7946768831257479
1.7039991911534287,0.807439452454121
1.6790811357787925,0.7929207370644129
1.7832752188420609,0.790502339262907
1.748645045210299,0.7765540770816581
1.6888888909870807,0.7597060621036692
1.7575581180637547,0.7805127143112544
1.7028294672499849,0.7863394928606552
1.6832044796726704,0.7967131557900767
1.6630002529162375,0.7647156070113742
1.6653861452153202,0.7895700870206402
1.7429949661968593,0.7847995032925242
1.7059805135616533,0.7679960286132936
1.6538424211556975,0.7759970632296846
1.6658176573622951,0.7622705786819378
1.6829849671246309,0.777959075404269
1.7303565938332381,0.8094547084672927
1.7466781066804906,0.7849327976124252
1.6797932881190123,0.7667793561548157
1.697469100166423,0.7980336392066639
1.7426966333170981,0.8131895626668236
1.6515516054138677,0.8040176904435846
1.6589003884473126,0.8080407229461538
1.7849503126882271,0.8067328370225214
1.7223529719311672,0.7969373908094315
1.7131307407602232,0.7692553537732738
1.6815449012180521,0.7977170681094626
1.6553559788194363,0.8083844074927596
1.6791093759852849,0.7987147496629228
1.6515961957232688,0.7746317093811275
1.6775296194932876,0.7972767162739759
1.7055965366223527,0.7609529129862067
1.6326795348710612,0.7946067938776437
1.61155825697252,0.7870860736861006
1.7276630265201474,0.7955466786660342
1.7211052310159711,0.7706982320327992
1.6836642832260753,0.7719026281132585
1.6173088138555023,0.7899299698575243
1.7133233245699881,0.7843142730499676
1.7555482857977918,0.763248094788662
1.7013007644749145,0.7856033854286868
1.6463182534685012,0.7836774404936949
1.7761630994370483,0.7812218947209464
1.6858217035491394,0.7891698343570661
1.625394985374767,0.7896500733506339
1.671837105424758,0.7722914490132963
1.6859632848579391,0.8127399800356165
1.71531505881244,0.7670061702695627
1.6773506861971008,0.7945610304702121
1.6529447592073865,0.7787904788806604
1.7151966636259026,0.7859027165916367
1.756460476317685,0.786234517746886
1.7186155843471316,0.7994881661698855
1.6763729539582448,0.7731609578148726
1.717192825973988,0.7796643391653759
1.6639751370994107,0.7809363278716837
1.678698724656232,0.7909242576792024
1.728283853711608,0.790394970083807
1.6351772267047457,0.7664569507666417
1.6861156722260853,0.818142445073547
1.7486125849716492,0.7630787178047689
1.7051606478507402,0.7628699138929764
1.7345270560528645,0.7853858236804789
1.715600909457607,0.7878209469939426
1.774967587079639,0.782441311818622
1.76286389709966,0.7843296604150861
1.6125223806992837,0.7714519156390476
1.6904623095781508,0.7767003943046854
1.7282902740403538,0.7844084544948202
1.6642578527409808,0.7704500528637762
1.7321202429977562,0.7656946765211419
1.7623485980270661,0.7826411692606732
1.740609120490422,0.7639296094600603
1.7871925307584282,0.7890084914493304
1.7105286817414942,0.7997222154138758
1.7210893713369513,0.773627030719412
1.6443665157172456,0.8089410274367969
1.6873228392445436,0.8098605864798935
1.762140411776047,0.7880411800126312
1.7244831139667172,0.7854514992140306
1.6564802107127428,0.7571437367516549
1.716485337737344,0.7830460407552369
1.7326365148668768,0.7809944353461483
1.740656249478861,0.7674699232623725
1.697862076561984,0.7809742741313435
1.7097636068521698,0.7695386903657824
1.6668823269790407,0.8361437859543236
1.6882608699882509,0.7777921964092768
1.6857067470903326,0.7589965067009011
1.7144606579740564,0.7939871141568191
1.6090597936636044,0.8037475279655802
1.7353606255554943,0.7781201720421722
1.7214484873024645,0.7844181668685005
1.7186433594787855,0.7976752612563319
1.7226803242701902,0.7640578330503192
1.6881219834642456,0.8026699440216114
1.7055563779335006,0.779953421626542
1.6833003421720412,0.7484859224343007
1.663235267102668,0.815445977709983
1.7303638113949615,0.7990361737922834
1.66265623759366,0.7708126738173096
1.7147831895605057,0.7785326445331467
1.7224216873278018,0.7497391909110065
1.660616459042038,0.788715431090355
1.6500021499156157,0.7581151007674015
1.6543124292348697,0.7741065394925604
1.712576191480625,0.7636145976628425
1.6327845121798974,0.8170391471945457
1.6056267140888982,0.7820700810126058
1.750871400531435,0.7513209288008347
1.6012174133347474,0.7633857128113787
1.7289669358714108,0.7991728584933417
1.6752731285377347,0.8128753662718087
1.6547077277703206,0.7714863853185968
1.7340043485632082,0.7783581078262303
1.7263368696643793,0.8190211732106866
1.7141827481951146,0.7663224361208111
1.6819854716661053,0.786780216720956
1.7089325969849165,0.8099131447645339
1.626740421292709,0.8007776266919735
1.746273744473975,0.7971278891435284
1.6986593902352145,0.75949031074135
1.7025946997585688,0.7690280977269673
1.6631577524513805,0.7737876086658352
1.6409728856041863,0.7903138205083492
1.7036231956919934,0.7691902679273425
1.6226607816073089,0.7955472566176008
1.6397116834685037,0.8102757902984482
1.686731040448576,0.7807964679568934
1.7190396746432595,0.7599112914528784
1.7106950274212316,0.7877813035851937
1.7382552350903313,0.8039601883392736
1.7054279987517444,0.7919981050402165
1.6634773373004308,0.7791667380676481
1.739516243134299,0.7799037342688362
1.731696523095057,0.7724411013846797
1.705743228465804,0.7849181961711356
1.7305350165924034,0.782065881872483
1.7314061846022362,0.8008282261568723
1.5800231998491736,0.7647300795215395
1.7087139991407907,0.7645523078186053
1.704111816575043,0.7985583240209938
1.681878411708317,0.8006578689343782
1.6135035553082189,0.797326947625727
1.6841980034253565,0.7701359372097358
1.6731348001079054,0.7744877860697126
1.7102575467702326,0.7801014618930392
1.6453806138190403,0.7873835940353981
1.6905429375068814,0.76371543497742
1.7128028722128659,0.7716091655831322
1.725684731870408,0.7772513056761744
1.6136644716048214,0.774046365200927
1.6608807607182157,0.7899315432496788
1.7435627349153713,0.8166220446905383
1.7036257914102841,0.8010373492997638
1.7983280548287064,0.785486788457766
1.6294738456703084,0.7956702633824929
1.637044725481391,0.7843928423481352
1.7595519594140991,0.8009289115299371
1.7098502985325963,0.7939322988165867
1.7584727731316012,0.815204921986696
1.741979945056327,0.7887748197324954
1.7287152508773969,0.757256649288675
1.7685925799580997,0.7829346792907806
1.779564209216503,0.7903136789456473
1.6568710054098463,0.780334052382755
1.7269061614674108,0.7959173223075893
1.6407189146559147,0.8247215317278705
1.7017040927679001,0.7731360320916307
1.641139759079288,0.7662254797010956
1.7018111758798795,0.7865619352779617
1.7811980448068374,0.776994545388352
1.752835758866472,0.8067461479840746
1.7089536259886713,0.7582614820773764
1.711764221946971,0.7581381260061726
1.6697161032122076,0.7862056800549427
1.6782675102321634,0.7756092917836936
1.7851377291550328,0.7911466343750029
1.6683607716222713,0.7690039277567638
1.7498524342306425,0.8089933546581608
1.672679263995769,0.7830439963911393
1.5648017448202594,0.8106707100666852
1.7040074547108668,0.7836684294731512
1.6619833736087581,0.7609157415598088
1.675342807639894,0.7737306317767926
1.6065918151194585,0.7744014107870739
1.7260096029838814,0.7807144122274394
1.6563652349910938,0.7744446714986531
1.675452919553343,0.7846391704551017
1.7193382707463976,0.7828815996197305
1.6796068194960982,0.7604631170089731
1.635016694292841,0.7895737232271938
1.7579146132568593,0.7733019749974268
1.7797581844957853,0.7944108631361255
1.6745585214672396,0.7798236307488359
1.7915589102773861,0.8055796813018286
1.723541603580957,0.7877030925906655
1.6299957849952904,0.7915659362470174
1.6897973706749068,0.8146158448990662
1.7194247840380084,0.8106854686368712
1.6840559667461419,0.7688874638284872
1.6784440742576074,0.8162174745731615
1.6744480131598454,0.7707368403659823
1.5923994784268767,0.7952880961920187
1.7210891116409266,0.7854234658040683
1.6965987366379487,0.8014630281572427
1.690701063104797,0.7826755635432
1.6813319710306496,0.7790163029779171
1.79390441020161,0.7993839099828483
1.636684173248279,0.7897183134367882
1.6698453916095697,0.7647029145945595
1.667523296768753,0.7922276944266889
1.6447189233297979,0.7521837213713446
1.6580613099394843,0.8174578681930537
1.7394209491161952,0.7833196191598896
1.6281727851988583,0.787317925897478
1.6715235957956742,0.7966838326143194
1.6440906578371952,0.7924102565899158
1.6607564998340034,0.7695059195671983
1.705203057773209,0.7756663322282591
1.604339688666205,0.7965331565930123
1.777921048035618,0.800959879337381
1.6840440283247817,0.8205264435998326
1.6567431424724632,0.7847145940297638
1.6913672885151787,0.8059349064032341
1.6284957354577025,0.7763377268938437
1.7151375858852922,0.7884324356026511
1.6469274264592273,0.7793650495344339
1.71981422896271,0.7852369429162377
1.6431211779314252,0.7865460305284347
1.6281016569755873,0.8143606410304912
1.7150233268434543,0.7780003059699743
1.7340450841889217,0.7825825441437789
1.6381380647410055,0.7908056629038854
1.7309989141976643,0.7806786980307948
1.6706530614342807,0.7802783727584771
1.719235755011696,0.7923226380494655
1.689262200139572,0.781809699468846
1.6352257870632665,0.805962563020108
1.7046545064531349,0.80943418413244
1.6805576590861573,0.7940327877864307
1.6454408397309128,0.7937165834396203
1.7448746531383144,0.7917814619398066
1.7085653057913244,0.7960474567156878
1.698756117063254,0.7789278525236287
1.6773552786108115,0.7929512397521837
1.603307304911442,0.8089259931903362
1.7312663271887567,0.7868195336242095
1.6486306199906327,0.7908875862656767
1.6332774549316758,0.7977800146045181
1.6825617737278271,0.7750763092237313
1.7342612203824206,0.7610685114199134
1.6957601214707796,0.7807444103913773
1.7264544690728825,0.7962745783974079
1.7173662115735036,0.8096871912606752
1.68426383519715,0.7650255234374778
1.683857974928411,0.7900178622336688
1.652047842313765,0.7482967902433865
1.6871881773240738,0.7995680813618328
1.7025016838540585,0.7885704346922445
1.6604600845566602,0.7812017799270353
1.714746716058578,0.8070711996524814
1.7252544096972333,0.7704156675349325
1.6617181981387137,0.7683743888193619
1.7395649561941593,0.769555135511379
1.712358305435135,0.7704793061349886
1.6008274598342158,0.7679716264487398
1.7070597948470403,0.8003681105913784
1.6892989879508176,0.8024658969682547
1.717215659047083,0.7652935067455119
1.6624082045138866,0.7777597120377088
1.709630629310685,0.760996961193015
1.6716501444561442,0.7984461271646844
1.708544745244758,0.7891252814274465
1.7396868851240663,0.7781395587459289
1.7097168100840499,0.7743372158254059
1.7256955571422676,0.7894573963490568
1.6626597163553536,0.7520161607857972
1.7326733447684168,0.776713444721302
1.686310642189164,0.7835263520420459
1.7126125118188484,0.7763621669652234
1.7067547156081233,0.7719197985299717
1.694754783106274,0.7850417994712976
1.7412429902559003,0.7717141457259736
1.7322569044932647,0.7649709812108539
1.6328495335856117,0.771827162651688
1.6377575430719868,0.7757935931111721
1.6986170750674727,0.770998512501327
1.6427783984663078,0.8143683049653173
1.6888675462793645,0.7827043571306334
1.6629131026649708,0.7810325020371532
1.6914357660761796,0.7751255794045739
1.7412769072596026,0.7959088934558318
1.6913970568942673,0.7763743714587702
1.7240582371635973,0.8041152213721405
1.6949316061527828,0.8213353048549796
1.6663201433918349,0.7809502513098618
1.7621181037192237,0.7658676451254173
1.6677955395533919,0.7655885058709687
1.6755813762100735,0.7786030444886514
1.6844385451739863,0.7636918147955861
1.7333523809678664,0.7769051189067727
1.665111239036456,0.7724739783860236
1.5997898069609646,0.7783167073179867
1.6923587670783147,0.7922897315346041
1.6577779854774632,0.782319529520352
1.7080137870876722,0.788458841430915
1.7606101883299732,0.7950140644760048
1.599295086120522,0.7807448785778642
1.6468663745265029,0.7830558979530106
1.625310379822516,0.7707527488698487
1.685289966799026,0.7663127967489199
1.751356496620986,0.848646633910424
1.7314501461758798,0.838086120320674
1.7112164931948055,0.7744791648484476
1.711004085157641,0.7946882538611472
1.712063913799618,0.784492170930412
1.7060367740662077,0.7883660785298601
1.690047031100549,0.7917351533793184
1.6427434171723532,0.7937220914240142
1.7211095752442298,0.7857393670856323
1.6466761573762467,0.7764958561066528
1.697905601315147,0.7971974551070895
1.688539901240441,0.7762641431909145
1.7124962896721592,0.7716363796555713
1.652928842596975,0.7806491846021151
1.7422223825883545,0.7949698940055931
1.756882724457061,0.7906276381020265
1.6152743671861536,0.7918114076432172
1.7355042776558591,0.7956890279372124
1.6834556192509034,0.7957534401924856
1.6617889698126118,0.7785054088857222
1.7252469405375686,0.7759566414964542
1.6893076040703043,0.7913559641674442
1.650797498333488,0.7809507243503385
1.6275360366010856,0.7927396777410346
1.7123557844636588,0.8029460133367844
1.698176863274476,0.7996405341213666
1.7352871695021768,0.8057586352568447
1.7200209286493766,0.7677793998657054
1.6424688196946442,0.7620729359046814
1.6739687205266411,0.7678874780022373
1.6980810683022265,0.8255854165820344
1.655444331014855,0.78509011038516
1.7449382961056905,0.7959589110377134
1.6632021210835537,0.7668886260127964
1.7262779856537098,0.7586050394057599
1.6955784205790132,0.8043326714957364
1.7193006506261213,0.7738833953389775
1.6570425688248687,0.7609560035386311
1.6682338117609978,0.7770603184598084
1.6498593952559943,0.8101924814204086
1.717696494268816,0.7524680444597444
1.7300565352618549,0.7572305541551738
1.6924819529323738,0.7937425850057475
1.7447436419181042,0.7866544508755747
1.6971179479142615,0.8333289738322023
1.6234141841030718,0.7777145288600332
1.7272984343907016,0.7886043038577182
1.767825009399428,0.7454497110245121
1.7508915101213156,0.7810727785424638
1.6982147203718443,0.7921632567149277
1.7123114512080337,0.7597058985833463
1.722570430266678,0.8143341694603886
1.7218517996198361,0.7632583626742484
1.7693314551862915,0.8009919315886315
1.7259481834859736,0.7801439958192221
1.7278546467947844,0.7870998074846111
1.6425279652291147,0.769180842220081
1.6573755430499886,0.8224814561864053
1.7127687881741314,0.8021965636137937
1.7156289851040498,0.7592937664736037
1.648982584574671,0.7643150352918885
1.7107218998215268,0.7873710554740209
1.6587678872866316,0.7579786420758591
1.6723999936411744,0.7633390092707322
1.6634792564927787,0.7704915264811475
1.7227202894741207,0.7721271945268429
1.6426047893374456,0.799153496573288
1.6251756764684087,0.7786536210097558
1.7253845234471865,0.7736468592305004
1.769515969081926,0.7825147827924996
1.6773973010010543,0.8084197208622221
1.7114490392489352,0.7770352684497012
1.6207486875596604,0.769145694176792
1.7421931090752745,0.7701564694419806
1.6871468765466036,0.8030761095518636
1.6475103809677116,0.797678102367903
1.6909338542716383,0.7635958510210721
1.7367010477832863,0.7967123777927906
1.6927516546483945,0.7682603059881443
1.7237040798956524,0.7773195990989852
1.6818216729430109,0.785542451608243
1.7238597932508974,0.7726754245152349
1.7352981726199324,0.7894551510295985
1.6282615784985564,0.7911656639306126
1.719974431780465,0.787933006069974
1.6925642816432094,0.8075966137199384
1.6971376960174254,0.7661646605392212
1.7638582957978282,0.7708082432342627
1.6385625428878885,0.7969692830776773
1.6877969238572732,0.79113050969728
1.6830806363982929,0.770426984705561
1.6195956015070838,0.7882770501208631
1.715637004820655,0.7941233635329328
1.710417779439117,0.811063319907607
1.592721780572821,0.771584120513359
1.7336877981269105,0.7949878256991079
1.6921494591912598,0.798170262840634
1.7013223640676545,0.7983544378748882
1.690047270467821,0.8106425199479351
1.7166939091364726,0.8117393476491715
1.7629090403593506,0.7676202418194753
1.6986136802114487,0.7816773730784042
1.6924523054412557,0.8039527161821824
1.7941150949072877,0.7776382098829574
1.5925371289328105,0.798761416525269
1.735884239702513,0.7834972821995905
1.6805943501183387,0.7818008919509293
1.7127323757662294,0.7964290348206149
1.6262030057301984,0.7914065039361331
1.6959378655784874,0.7554151807243704
1.6884202298757955,0.8034969453666012
1.6424529085297481,0.7871177100758173
1.740124626816212,0.7712522517271707
1.7176327187118878,0.8020707704966281
1.6751211613546277,0.7870561406183424
1.6608287822917536,0.8006448265891971
1.6485360825297966,0.7729463975712756
1.6712356698730393,0.7908088861833859
1.6616694113419324,0.7866892945576609
1.7182557027718663,0.7710974463892311
1.8049330200452103,0.7844105347506258
1.7274150405953637,0.7851546576277947
1.6728385896935614,0.7834186945654912
1.6677756911540846,0.7636598855931782
1.6337309223740697,0.7580054220502924
1.7630215736225767,0.7781208380563058
1.7106689708398404,0.7761216471706158
1.6760329821530775,0.7772996040669816
1.6469863951321304,0.7847206309243951
1.7346044691082907,0.7724061873944542
1.6551552234906017,0.7524527710361458
1.7034584687954046,0.8292207984236759
1.6743589944911814,0.7598752761679121
1.681269031272906,0.7736206638662767
1.7217321281996067,0.7858374269306045
1.6748010401729911,0.764519563501829
1.5876101123468163,0.768390384406323
1.684832279045603,0.7942645037705269
1.6509929827806522,0.7987303054547835
1.747703109115134,0.7857490860676217
1.6695116109705728,0.7918196288170466
1.7194854574044192,0.7606172503306758
1.6631136876984716,0.7925407417379885
1.701271433213385,0.7836297079511171
1.6938388466035401,0.7691009097255677
1.7035377567134826,0.7948996712505405
1.6857891884250953,0.7775889207637062
1.6971804152741334,0.7670427540371842
1.6068916334397443,0.7667687453812306
1.699312335936278,0.7754051684276101
1.659934680797374,0.7747561712056971
1.679980382409537,0.7897964068652842
1.6731580736659546,0.8077037655017569
1.6197201934118222,0.775197878004237
1.5501531047968227,0.7733904806071681
1.6852745193364875,0.7736159718953286
1.6389634011314378,0.8054571112449643
1.5855529884266366,0.7794122635071731
1.634354031574141,0.8238906146403241
1.6629859775284284,0.7762731733839632
1.7018298093560333,0.7866932113167077
1.698341837428461,0.793792081302956
1.715536479067797,0.8011750795166014
1.6985190327510522,0.8069230921766979
1.66384330594248,0.766120991532617
1.689267612273316,0.7633776957520244
1.7383388439429657,0.7734746990348874
1.7209898154586847,0.7536561310691875
1.6770168958729104,0.7648358372727893
1.6703790562908774,0.78060101646867
1.7138263544766847,0.7950503601567089
1.7155173076998071,0.785435462998238
1.722141665156066,0.7794778173833854
1.6658416613778673,0.8049397463575235
1.6963993670032735,0.7742690822550293
1.6922498956781726,0.7807811187195467
1.6694445148231283,0.777315093280616
1.64554875097879,0.7578788880086231
1.634951370490875,0.7898146855350507
1.726825790450843,0.7843843068716347
1.6990551142016945,0.77164446821493
1.6387044900649554,0.7575317773126649
1.6830075463197804,0.7625803540034161
1.6362055613529516,0.7542972679480441
1.689062974692489,0.7652139743283831
1.6416419499421535,0.783818289620444
1.6933634119335166,0.7784177378349721
1.6716513000406095,0.8072663649217307
1.7082924112732532,0.8322755316100857
1.7692638090427193,0.775193506091947
1.6697442649918768,0.7612658658632974
1.7360578107317814,0.7720955178190477
1.6510869994138295,0.7721607877686796
1.703933719276297,0.7661796561345727
1.6503265654061716,0.7663922890345689
1.785755007066753,0.7784283353002401
1.699971676698051,0.761427335782
1.5976422855202805,0.7771567094455687
1.699535687008547,0.7846443586993503
1.7189727782385522,0.7957780524702982
1.6498463326573833,0.7958981810101292
1.6724575300834832,0.8170444299290593
1.6843227301093635,0.7942972241680039
1.7097399765634858,0.792093186569604
1.7268557550017165,0.7977113642444449
1.656007815883585,0.7844562225032228
1.6772972815911036,0.7854962472699599
1.6524402149397248,0.7751885520670857
1.628080825482484,0.807761617641431
1.7087194016845624,0.7809990444222678
1.680785036425725,0.7936956065755908
1.6966537810718878,0.7586377467391661
1.7243933779123912,0.7797031901122068
1.6271588754455775,0.7906764118543116
1.723950773561247,0.750240903365916
1.6878110099477361,0.8009724534048795
1.6580882679995292,0.779695842225864
5.547771167240833,12.093445798267677