3.770065231607413,8.193709541711373
3.8186605191356624,8.378735562155937
3.9280370171987036,8.350503574451105
3.818789945223644,8.068920623104837
4.062538638348609,8.134344900855636
4.0726664485782305,8.23850004266244
4.0027471738706515,8.252249446923766
4.015103255729318,8.87799776919185
3.7194704857974106,8.340425642783927
4.217841536211854,7.985651100286146
4.168555894873777,8.190966410445878
4.0466671082399825,7.821779898004092
4.093142978319863,8.18743981469742
3.6959184642118115,8.154034374085995
3.7592559430193493,8.723292469400032
3.6971188995195674,8.23231918628165
3.6579852310768746,8.488756341180872
3.9838240415137416,8.463318988617049
4.048650939646768,8.767987188785446
3.952837713766797,8.525580866058048
3.8492157398025477,8.038366327341459
4.30793081535213,8.416179703828575
4.146759640254609,8.037784966264248
4.061293814320644,8.570005074180564
4.097674622033407,8.446786288201412
3.82636645377436,7.957350389153152
3.923756945483005,8.2074771833671
3.8173711883371224,8.769666773103664
4.111971674014799,7.951558443266473
3.6777810349960065,8.342956089337319
3.883477868943251,8.042437706956626
4.012781463429975,7.986193344837117
3.9964591003024843,8.235237534310224
4.151703286691535,8.570621400401723
3.7892808433795393,8.493587719856292
3.838274920180199,8.324860043961518
4.015589141762677,8.424482930575731
4.153788160076627,8.466132079495075
4.148985717701219,8.108680448225483
3.845642314106797,8.361914095503401
3.9650872857917188,8.668098736134484
3.920763325598988,8.101528092357444
4.1102686656483804,8.098183540236025
3.558571002749091,8.339097902191034
4.095692431809918,8.583885009504785
3.9200628879749146,8.554872055205688
4.019037642521231,8.051467120153832
3.72533898003164,8.035903700281622
3.8989365090008423,8.488241482807682
3.822999976570169,8.23225834269102
4.188669001323006,7.964351201014215
3.97832342153175,8.381982794684752
3.740563320002407,8.632565254048309
3.8408463187216886,7.544297989596967
3.9492312664655755,7.959349485058967
3.9959713563952026,8.847048622741418
4.164645905106818,8.19943312856311
4.046312223463808,8.205823623324317
4.149630248516808,8.132031638485314
3.8032715897088187,8.176424814558782
3.887513097808922,8.17420742951769
3.937483143013983,7.8309028932949545
4.114108334631014,7.643367376881187
4.107197974500555,8.137800724685807
4.021290785554989,8.022823068392253
3.9659787526287387,8.257851882383777
4.022921016420366,7.741249509130455
3.9492817166250065,8.275875531668735
4.147438223579176,8.62577972607373
3.9452914654436264,8.333072656124438
3.6841120209347706,8.068449916018979
3.8853643063934133,7.911476720262402
3.7637598608952545,8.708743288861456
4.193393363655362,8.749084544030241
3.9828934421632716,8.5507315424675
3.700029802027486,8.489711812137745
4.060687762185079,8.185182567418098
3.7472014176846953,8.309854370869349
3.9820822132552744,8.77658304526741
3.817477033777868,8.03336003700514
3.857384909466989,8.417882806485238
3.851541921177272,8.144101596940905
3.8412781547402153,8.424734374654276
4.001028101332441,8.353604804712031
4.092761835583935,8.42986489676355
3.853525147087574,8.459188979125932
3.9064027816246587,8.398531999519147
3.774576903434383,8.620729430641147
4.358824495833083,8.20504262032858
3.7733396573293834,8.261562072766313
4.025977619993206,7.853947212340035
3.9165699240444507,8.192546513748319
3.962868074758377,8.297792177659604
3.9664670239102926,8.746411782541122
4.030284265189959,8.165262081071848
3.923939649008317,8.258229355116821
3.7621959651334125,8.453888352031985
3.940989442802304,8.577675209105037
3.784024849564515,8.651889172431119
4.052529550395131,8.8955112952612
4.190424636600942,7.8575593568899675
3.9913580434141767,8.161201580379608
3.76180390152106,8.227356898215412
3.837040683758868,8.35895253329582
3.901479466966653,7.651741578678389
4.12151232552464,8.767670778111958
4.072445822941266,8.18461345786099
3.698337351251401,8.38673053751593
3.8173048448448736,8.388948313132614
4.0822664555284325,7.632666800685911
3.9802423333675043,8.013734653464962
3.9476501034556297,8.496826060809466
4.032389857699064,8.522626609623243
4.008571906740465,8.404355415321412
3.840027194998071,8.264672812047333
4.147160753851502,8.387202215147024
3.667034149730497,8.435683793021449
3.9753990045566363,7.895648013632284
4.049391307252915,7.962146108835254
4.255130942950365,7.981384911426476
4.21627027143093,8.425903652004822
3.979635932409927,8.246597903416532
3.885216129877416,8.619671000462578
3.9211598371567984,8.134733951879943
4.009465414822861,8.05013983075858
3.9112994338007088,8.201584860298114
3.7693714933227658,8.826467408043474
3.8629771019364165,8.498279800996025
4.143321704409427,8.508767928914232
3.824893242361748,8.257960306486103
3.858683898805189,7.864454342444732
3.9334263045532847,8.730537484145556
3.695047694145069,8.414515829799273
3.8282398017778916,8.403047815341619
3.9293119854005423,8.622360327425929
3.884908352718668,8.550458773604497
3.66598310944268,8.540036138412326
3.95243846879007,8.215630838286236
3.8044182874703956,8.518196954946927
3.8823894685654814,8.116718665731092
3.8451200709370927,8.432211617557224
3.9327032339458095,8.160802967330786
4.239336346320598,8.198708601703618
4.078768386539213,8.665330182786649
3.8639242713332655,8.662150462643995
3.9706218260596926,8.710423297071829
3.892896248652262,8.577641533924176
4.111770057204657,8.319977123619598
3.9988278673052444,8.038369638679713
3.8988393174470692,8.423257474857499
3.6642012780160083,8.377185365170208
3.925589784275473,8.191045819419323
4.129734310895271,7.992547462457599
3.945482120246,8.245382817589801
4.012086125383684,8.658070168150196
3.9690942926078314,8.531381462442713
3.735459281841937,8.240300340196624
3.8173080220920395,8.18469431429739
4.237272584399914,8.086522717725483
4.054064742017599,8.591333075872559
4.0269227857571,8.453119067776496
3.847631961329827,8.228465000053275
3.924193266516583,8.601992978089223
3.892404835847365,8.346100915950752
3.7054483967945475,8.190903305397272
4.005410279208394,8.298925768967969
4.136752134865526,8.187000320898502
3.6921835686770756,8.249487078683924
3.7842313627993978,8.319499866033139
3.8871097662256733,8.51572019842607
3.9215679584927794,8.30032110388104
3.979713372071158,8.372723664073026
3.9717044120548746,8.631956050053477
4.205886008404312,8.23885589812913
3.7855609727556896,8.25695708483722
3.63976015177206,8.439164131517805
3.8881222854351094,8.3207357901923
3.801338732597593,8.420661622705722
3.9460366653278114,8.205506142496954
3.818795079881447,8.039671206757308
4.232241789007427,8.511067164888727
4.022935654595073,8.310726909276793
3.881900877013987,8.463846800218338
3.983001634542565,8.115429355236552
4.206848887611774,8.569908040299085
3.7321756206062773,8.429630669390097
4.029328888596461,8.485486030406088
3.8836044130874945,8.929169194188876
3.873038819209131,8.735676235166862
4.04475746412467,8.493981805040207
4.089963218734618,8.868179051502537
3.7308121179266203,8.052541445565181
4.1346337871207375,8.792959988116435
3.8776205426416546,8.266889579053784
4.095699502140517,8.147637717017506
3.9004531760324874,8.559664591531511
3.8732980461747397,7.96244031446782
3.8309429150855867,8.143640656210197
4.033335168382157,8.240605836250626
3.85987015949483,8.2370829212009
3.8665737588546936,8.818461168012059
3.89792619300632,8.452606605269573
3.975216745299706,7.893544103293136
3.9548726562450325,8.55244619955869
3.727835155421452,8.037895423202475
3.807345345574917,8.161525645892635
3.883288780196027,8.461220213950906
3.773247391556617,8.406869335355312
3.8081236460002095,8.09064037091404
4.030227409258439,7.862726457390161
4.091577262407362,8.261118968406578
3.9024253291928637,8.258473474401987
3.7224881973028476,8.57702046864709
4.213879195760527,8.19044213958409
3.903977779434034,8.515287513673295
4.325800043283006,8.582511603208381
3.952043883517075,8.073009958515513
3.7466435719545954,7.943535914747548
4.006656758062704,8.218181208868591
4.211236179124473,8.043143060237359
4.112572152947393,8.937178752299149
4.190917825363026,8.416629823705811
3.9605292506876895,8.326290158812625
3.932360536724728,8.94089817185639
3.715224698677714,8.361702585901206
4.078895104486758,7.962258683737133
3.8653054221997536,8.63794254508184
3.872303011717469,7.935077443897544
3.7694662970660806,8.900925727906882
3.995156014781086,8.518854963040473
4.229081867194914,7.923392547905776
3.9635416555640037,8.278251907702925
4.070361272404896,8.305075269424895
3.8752553969799686,7.89637255777297
3.940356877529292,8.585839963767025
4.018684330360039,8.613142467099093
4.03752131494914,8.699388598942287
3.8104942067406995,8.417013277586607
3.9601988206428276,8.161448571331592
3.963172257184165,8.517577853575341
3.992539896656458,8.44803199934831
3.759202738832847,8.348999704644772
3.843138052920591,7.97641347531163
3.673247015916518,8.55519966118698
4.122967798855674,7.84889741053613
3.9830521250050395,8.593421570965774
3.865211994355422,8.273311261858886
4.010618356064492,8.205854478466318
3.952067256412964,8.089854667132855
3.8239605763860505,8.330703030345596
3.82977124671974,8.64601915398622
3.9492120199538654,8.097751841800063
3.966171402953725,8.253088155735544
3.9910596894631856,8.367801107284558
3.957204292394845,8.413937294868958
4.100203164830996,8.290935857848043
3.9188021554552974,8.364515159733584
3.7784882503498185,8.322059524250449
3.9596214034171755,8.9245725966727
3.757086153310184,8.680841868611818
3.8156052911199674,8.395210714476
3.6381110410504363,8.169758768581847
3.973045024471032,8.150869422003653
4.074124655620487,8.196453980828215
3.8448066985975005,8.540669499587937
3.810356351018257,8.45768061177039
3.9110373455656,8.35895060491646
4.17136715129917,8.651941222422417
3.8223612734678056,8.673236218672265
4.175539906664419,8.787655615790898
3.7246359493093095,7.862080757280046
3.675717022574605,8.585391212335951
3.8214177290624587,8.001586055976519
4.055062229397446,8.139406065162518
3.9778858862074333,8.141101989753048
3.8822969995971133,8.342935644503989
3.5982909757786334,7.641141562111112
3.8962281899986717,8.98460155856721
3.79572221686742,8.624231047527656
4.195735239310051,8.17694163629251
4.046510370671287,7.948727954854468
3.900070965074328,8.472553303845707
4.1621210729241875,8.57173768386052
3.9472471442890735,8.407430038199433
3.8273695533993624,8.32908647748605
3.774173129353617,7.8042594183635705
3.9846483220854596,8.247078323015604
3.876824718309186,7.931582440013993
3.9060117652242474,8.070191430529272
3.7776888418841015,8.685797364413784
4.056608079506601,8.180363634500205
3.721960020097728,8.70535496947897
3.876271613954115,8.28942337106588
3.9738374761929696,8.258095772775071
3.7228842233148085,8.509512201938794
4.111763433641398,8.35712890833432
4.084576400707094,8.292668873317503
3.7720108622571966,8.68655606324128
4.119541138353833,8.7000915044304
3.7143925572691896,8.396506883224479
3.772700027219052,8.866800271016709
3.8087363633671076,8.415715495258523
4.378591084991124,8.374724805625162
3.9696390282235665,8.758310636435729
3.892765587525272,7.942053006536909
3.8334417540499324,8.38048152867233
4.171638031907857,7.829398800254696
3.8583636229075386,8.206694172209271
4.007761644340503,7.775141952281146
4.149298992976423,7.917157840562003
4.111285636674528,8.426852503414024
4.114473166814367,8.059192824524086
4.031599246490554,8.398377968253932
4.003556163410177,8.682811675723983
3.821246499710442,8.307428585210376
3.860334241537568,8.103978640628666
3.768980966256384,8.35860876943669
3.636310612758855,8.030001210120178
3.873881552315797,7.932383057355387
3.7656620944216757,8.207058780080644
3.9783175044668657,8.379623329922923
3.6726884976781338,8.410586939596367
4.201176399680222,8.08701757858353
4.190677122307149,8.076820671929358
4.022647971152226,8.376385036710412
3.960182838156787,8.755336519200258
4.014962037193163,7.928699952902546
4.006054833767047,8.637875215484094
3.645785489740232,8.318172520453402
3.8947669207793143,8.243926381482023
4.27951672315507,8.165140247724281
3.9967019673890767,8.771326519720226
3.9631418774549005,8.170139486594474
3.8277476761540807,8.655262471877284
4.159663728339898,8.442937766745153
3.7593571547096016,7.968924582219137
3.7683135156432996,8.603609887366343
3.9529541835047506,7.985982023525656
4.030361946312413,8.223638482961604
3.9154182072247474,8.428105570418191
4.04643668550156,8.45769613718612
4.009072052104706,8.083807631542827
3.7426237432910354,8.231185107543345
4.0876080816843725,8.186439242477128
4.015172608492868,8.676171719510831
3.9322080168685445,8.196592234426914
3.9751506678032573,7.810021853148396
3.85905503101301,7.782885159634154
4.321041702696018,8.382807398101068
4.032685075674812,8.396539377068292
3.77285084005023,8.147668018992901
3.7555062037937073,8.428302095961534
3.658309456679687,8.160508892805899
3.771145506908565,7.907168236018726
3.9267077826298666,7.712394834098466
3.686621574018394,8.14561167416479
4.025538926798715,8.157938819785194
3.89025529753995,7.84877113490184
4.139450096059944,8.363115588623085
4.17277111366121,8.241360995972997
3.9183678599290346,8.310750363153817
4.087119692721524,8.583561511210762
3.990142998110187,8.714189430171206
3.9158011921983,8.383239900080984
3.6824665648507886,8.257727589393564
3.989193197355693,8.116109442327499
3.947397585535411,7.861814484219061
3.9334884905808116,8.603648116887108
3.796188480821302,8.420460318455206
4.000698279211017,8.057025988131347
3.7050740469950583,8.671260381076605
4.273708922992872,8.820435849288591
4.0105637257549915,7.611220994760091
3.957557169878411,7.9733299849826516
4.1516816602570135,8.404071481157208
3.7792147211712903,8.439084571474496
3.6295570498452445,8.34544142800209
4.159857759498741,8.87182112646448
3.8316663406400373,9.118613268706659
4.1995528719245945,8.685895097329894
4.10097501283807,8.303979889746238
3.9297167999905582,8.80760177508904
4.038460280426451,8.13218258068143
4.071795191851256,7.987058177497868
3.8429296721862967,8.01108296013254
3.851384544905819,8.313618212633086
4.033514027900571,8.420674827584753
3.920819605778686,8.47182179128248
3.7365261505521925,8.656522762838573
3.8952719845094714,8.729101431864583
3.8611731313047724,8.147445121645498
3.9412609021760847,7.910978015525922
3.926161922348094,8.33613538344001
3.8453934064602873,8.229341169009562
4.060155062877354,8.987560172594561
4.181114760901296,8.477199429290398
3.7819516934335087,8.477092430553252
3.880181434484395,8.19045086859713
3.9084655846417267,8.603517624926361
3.837982620118257,8.194601254716229
3.8721454963100403,8.243118818542154
3.8231764007770668,8.321700575864725
4.260306130922214,8.072019764083976
3.833749795618262,8.360837334420783
4.093030747660079,8.451383725421996
4.079075160069607,8.501383140200792
3.9710060270166623,8.775796696136
4.193451567521744,8.796175182150607
4.200885743236055,8.850313653338901
4.166888240941734,8.267807548937505
3.7894682057372653,8.204387955137792
3.760396573987993,8.662518547185263
3.898431024595405,8.202116360281899
3.9088025956058154,8.92309777163653
3.770286609589742,7.874496832928053
3.8063283122570546,8.194358988574912
4.2954161021482795,8.58962809204656
3.9113125192475313,8.3785323221424
4.010938709732941,8.387810395832071
4.007567415727917,8.004183938597293
4.093491958761854,7.933868688614161
3.768537805892369,8.532402541632111
3.8340385500885277,8.941875661392842
3.79024635596187,8.66316268667291
3.8784633714962005,7.930420423356265
4.0012126725835016,8.148326356868827
3.8327927298847113,8.521838414967625
4.139283819348874,8.432073991019545
3.802774755918054,8.325548078003061
4.197348586368925,8.423009404894653
3.829998608226988,9.023607976051334
4.033162593625887,8.261525799343211
3.7588803088816802,8.39650027659999
3.8911356773278265,8.61601793847178
3.8289615254006812,8.212146088067886
4.34371161213314,8.608564903692397
4.175827278218459,8.38159520558678
3.931202849006467,8.31067905632308
4.188058892144772,8.5404755026322
4.0471423663632455,7.890251249951815
4.159027233386927,8.210365671611385
3.9721588657963673,8.22931642133314
3.6867701048049373,8.066385566424339
3.7817453971260555,8.375800093009836
4.045748982224575,7.897119153438902
3.726531112325509,8.71949808171926
3.767980292471239,8.407464896060254
4.046834029714536,8.154602240998447
3.821668419040654,8.309829820737408
3.8493974967307403,8.19060574355948
4.039302582538987,7.758173685850458
3.738561815441946,8.428281865461106
3.888537676989125,8.20142527395301
3.934615537271918,8.533764778152625
4.0595963289233366,7.823992808676117
3.884922495196835,8.111150196598999
3.7612471801512517,7.985882168958369
3.9712265639105246,8.163622061762249
3.9963076705144442,8.156519408262845
3.9526163346558243,8.86804401268326
3.9842591485547927,8.223019020151717
3.9203566849976075,7.964639140449372
3.8869931582860953,8.477216868781284
4.131672655355028,8.238939274905242
4.044044151062285,8.673265540849187
3.6355805408637996,8.380034152348866
4.051003751289262,8.472492711846128
4.125408906286652,8.25764734497883
3.701975886893146,8.282558788062449
3.822259519383496,8.35347930973109
3.9084857906802264,8.170410324867932
3.88350439850136,8.596191847952618
4.089794234354907,8.527241915521614
4.078299619855655,8.52187211926462
3.7705654015677412,8.084138817530162
3.898596449493526,7.847658666697945
3.858415983980411,8.517315793218971
3.887454921690842,8.080279928715855
3.963396766412385,8.4416230274645
3.9580273326202997,8.83011038952506
3.898502172580782,8.530805419896254
3.901285375196161,8.330084844629484
3.890422532129311,8.601786396853027
4.23641064333955,8.557466178063981
3.8080580192696067,8.399496145961356
3.969497866964604,8.583813860708851
3.983625063146401,8.614167524414079
3.8797649258848295,8.195531719342652
3.8472624253841112,8.554301721653829
4.18507242210271,8.356188156809258
3.7023291325235843,8.30736845806811
3.7678003460617275,8.514408907732687
4.008055830274539,8.675996457065812
3.8243742823132942,8.936406736329428
3.9255755419073264,7.975494501263803
3.8257591560715207,8.312216430230281
3.861737489875912,8.489410155959579
3.530366260505155,8.435583705181148
4.273403790929417,8.323908752368018
4.047268860088448,8.009751112105082
3.9834641047447894,8.352991171032867
3.9660643655950976,8.676157624272566
3.727183456454195,8.567461149799794
3.8428678687888813,8.266642034619023
3.924922096257776,8.350956663391075
3.8391843817590403,8.718387159391709
4.058338980571247,8.201341675228479
4.031347636221476,8.413225998655246
3.9765361147507003,8.224229902496536
4.116870131316374,7.97293793364065
4.05580878035542,8.200927353334023
3.9659824013236165,8.224376502296623
4.020887027607093,8.192320759407611
3.5790515614121228,8.358822600670905
3.9946786271792614,8.017854153138892
4.123586915766343,7.869811806602827
3.771866165590021,8.325941507991367
4.15367048123017,8.597010122827166
4.032521520097519,8.073873477321635
4.176602262608669,8.160311844640578
4.137528385147823,8.110577158760771
3.7424513703551106,7.822068758981861
3.8318502064422564,8.386467099742994
4.046679050351917,8.348638206077407
3.960218964500228,8.29063699758238
3.844557514272095,8.612309857768446
3.8593107455774365,8.13124073539192
4.090574952526544,8.734381795579562
3.720797376716823,8.686011386549989
3.7403995084621586,8.185213188391558
3.839226460315434,8.100695565373135
4.060428231498218,8.697544029183769
4.227682604958725,8.25186621315996
3.8072929611192268,8.723164091245629
4.10122816303712,8.365551855377456
3.948623099264562,8.118162601248478
3.8327631865863157,8.106594855598578
3.943645726880607,8.66943798318936
3.8448169251626285,8.49829445167601
4.111886138750152,8.504150305159094
3.9856182984546455,8.35374896888619
3.8697532426085237,8.489559613153643
4.04074076231246,8.365129337216857
4.087306296969194,8.83534228858427
4.099063491792471,8.051685526950143
4.046393487622374,8.216369354830723
3.7689472150647805,8.137943948807157
4.066578856485601,7.832163999090109
3.7484689283568793,7.76447590615498
3.894847234313981,8.616162211323166
3.89844794394167,7.765382170903937
4.002184881572313,8.622195845787843
4.120133166748132,8.40573306717918
3.8420734102777745,8.034545141677338
4.023588944105726,7.568988317887404
3.900905038410188,8.480270293742523
4.2336299776459185,8.516219793702863
3.8158989549653435,8.688151976866873
3.71253472706734,8.30764287730587
3.697534538093256,8.362682173110858
3.6636061703643166,8.078484555768947
4.112307862306941,8.252706449822103
3.8300404832897468,8.194665102257687
4.018944827622516,9.041371620766753
3.8319050190602857,8.298604058153686
4.0580907804821,8.114940675007675
3.9526746938806907,8.261177617788213
3.810027981296793,8.539908609396305
3.765369978209119,8.25407340671618
3.8059291454692903,7.874140112723064
4.261103833148285,8.043349119937394
3.93708342568353,8.55589083473746
4.08890560728085,8.588693146524458
4.394885737186549,8.34255248629505
3.931399725681602,8.20269233779728
3.8432666931913966,8.248448281124276
4.119057463611512,8.258295765434605
4.1346491772737775,8.514013566632421
3.860050679103339,8.259477284884538
3.7471589136459267,8.054867478909536
4.052833168260995,8.086733779823167
3.8710965158914727,8.28110977389662
4.269049379439286,7.77013213892982
4.024641099481932,8.225877750558391
4.1777135501256915,8.244474281514774
3.7465917852231834,8.316281633961045
3.982417960325309,8.357623872578216
3.74333638606709,8.66420786697476
4.2415835643444915,8.974751412120215
3.6278035706347884,7.956218001734894
3.860560881747259,8.759534335349972
3.743788668172947,8.571151613142533
3.9362372187637016,8.589456027648811
4.046131344412424,8.794943260999307
3.76720033697593,8.207447471595529
4.079673825971683,8.609233037042243
3.8723088351136274,7.9992661411338934
3.91360342947502,8.665513510220343
3.8552896374444554,8.405166923784073
4.224656041099886,8.164238694318689
3.9538532170755385,8.189737071222739
3.928564200374733,8.321727141692742
4.066680584026201,8.68070484152916
4.105045877950659,7.915780978458814
3.6561090027494325,8.278826289234296
3.8346854216785844,8.21943632812977
4.14748173330184,8.719515555079406
3.897036615276804,8.334580827909614
3.902423347590066,8.349540668604709
3.749872882809551,8.170432066642052
3.7675660307700913,8.234542479186612
3.6523109007531667,8.756469901522028
3.871069347701921,8.275821197786517
3.7525019130309545,8.410780126638242
3.913200872503036,8.678741637848997
3.798538545573326,8.340779747280815
3.7838300731727923,7.912499459930581
3.883518259435979,8.414809720032824
3.845985458408336,8.582466353814691
3.909440278551605,8.599832931273784
3.855138519193519,8.30866695397058
3.876737899970458,7.953329729565297
4.0877546845947474,7.766875308654224
3.7853756123696733,8.223068863776275
3.852980975709048,8.083616915436883
3.687225340980005,8.434925436138744
3.998927302489435,8.380142848940197
3.961074808257438,8.362462890353948
3.859985389401938,8.4433923537965
3.579380625939388,8.595529064895905
4.002747567645431,8.507715328271496
3.9143298855798156,8.129321720333957
3.8643105451440976,8.612921568598633
4.002620419806721,8.193311760401508
3.85933304683351,8.740548514521668
3.996030271442657,8.027458650046277
4.03359173014582,8.711492113350507
4.172949357581725,8.587556379514465
3.9318728273787196,8.121875930314271
3.983169187716854,8.271399757325032
3.957465162144505,8.200371775535316
3.8986756090743304,8.572143712725268
4.054849243763006,8.575681736847118
3.9364042552976244,8.36575621742442
3.816191671164155,7.994307506035532
3.698571921359924,8.031062228950663
3.8345528306300656,8.227562800899715
3.8007946545859568,8.572396108091766
3.904417566178896,8.46948316251972
3.8640748477531677,8.206328847459398
4.249457179183585,8.174718747398309
4.1817353149685985,8.280689811483253
3.7604092657951247,8.377043153672497
4.029359185601812,8.296433768624597
3.665888227916023,8.237206081898245
4.078823228419067,7.840992102141904
3.854279080095056,8.557155763985687
3.8785831168941503,7.756748003378104
3.8357930175915986,8.245414237700166
3.5327780931670256,8.190568433721054
4.209653289327817,8.336297564017476
3.8042402288183164,8.31440768289654
3.905646984470467,8.594654391795329
3.7896437440923765,8.654030812890985
3.942122850210863,7.975446772718061
3.7847485787311625,8.05016888698698
3.9553235459722362,8.72050955456966
3.832739520601909,8.550701141631826
4.101595518342514,8.483814544545236
3.770134564902113,8.438559712551259
3.823214376451787,8.360627074515666
4.06197567179604,8.803531439410094
4.033540174244747,8.293695255222138
3.78819671951047,8.73833540415729
3.926704054741969,7.8386248394904525
4.102639349693633,8.158977907532078
4.0816591509058515,8.30213799474643
3.980460413187468,8.395977132149675
3.860142174548723,8.136897322348181
3.974425438079495,8.297759861238454
4.16063922521217,8.637470140550851
3.80776007622061,7.794314136266094
3.7228154549978725,8.310660619591625
3.859071509431061,8.745437464511914
3.8826469971627544,7.875267246203136
3.834505900101112,8.527405963666293
3.9768107343795105,7.964399754657169
3.9064159907263147,8.909291697944878
3.8059651667515064,8.195178495807554
3.89052836900931,8.6655515704989
4.076316331023285,8.36484716738221
3.979652346528912,8.30227153468223
4.146801853280118,8.163366681656623
3.9098569525634685,8.171851053397187
3.8851581400247053,8.403170950595172
3.986694240408151,8.642141907101053
3.884560460550173,7.9972898106445625
4.034650427561862,9.014638254326167
4.205222171488578,8.282555117011869
3.9930188188209694,8.848338012729128
4.038879488335795,8.280401658390625
4.056256345542279,8.413931851793102
3.93333282020945,8.44333074934371
3.875382054486775,8.526808838734404
3.7647323737282656,8.30516422479553
3.8783551687281017,8.465791988186544
3.9770893709644506,8.652916923483952
3.8040125943527823,8.350788593413618
3.8620284126519024,8.379033781289172
3.6594202142507664,8.440061455917393
3.9263882546436473,8.039258781564413
3.735796455793717,8.034687036583284
3.7886463942500037,8.606732923506204
3.7173872771625067,8.433922074370962
3.705086047624638,8.48683368095304
3.9425195673569764,8.482669340631197
3.6926854771629816,8.32646641218333
3.7751087863430093,8.404880135675343
4.067743657267109,8.406126001647252
3.6604608907469385,8.500299142451988
3.9304753441046723,8.395802262184464
3.952730121130116,8.061336437185505
3.9179403464979448,8.483675035352345
4.152504123459855,8.725726549149128
3.698419341668054,7.968246732486317
3.8794283079224177,7.878895086758268
3.9113500603209026,8.244838307857227
3.664484741177588,9.086465377928624
4.06857506521624,8.410975741995719
3.988436591690248,8.294565683303711
3.9988196205077364,8.015386313275297
3.9863503711009143,7.883060306158433
4.075591842350791,8.404918631209753
3.7786674385069694,8.192884661822921
3.8304894900770234,8.419837525110585
3.6135837053552087,8.36371843407014
3.6601062150336166,8.174135221677835
3.7265554294033225,8.350055624541273
3.727149378147167,8.257870051340756
4.009923553636195,8.591271588834484
4.157748982591116,7.9358230504361655
3.9730898423406704,8.28903829622945
3.9475203854377714,7.6988055256405445
3.901476320769965,8.3179284125278
4.050016728903245,8.247094438935422
3.846602635049739,8.022207952541825
3.8418066842500362,8.04287225364878
4.1563720294113935,8.336656245914206
3.9803410741520864,8.361392478759756
3.9267585427371103,8.625242961989775
3.51907700204252,8.470960346548445
3.8291825866525264,8.54047659625631
3.494121684577854,8.35316297854966
4.136937409352517,8.024348311322637
4.058153969311985,8.153807022297736
3.9115586271249287,8.363444210775002
3.937289208345262,8.121375551977966
3.852115933074816,8.035998432462545
3.991924142061186,8.711500737071386
4.193791263057,8.511151764276523
3.8653483268388658,7.954302876768475
3.8160945590487296,8.719396009418885
3.932769177801836,8.796512340512466
4.056703450232024,8.455257151496506
3.88632379553094,7.906322529549533
4.137566223668358,8.364017592944553
4.145981450824192,8.109797632963724
4.16037631346175,7.779730594271424
4.106358158789655,8.243964987756058
3.9378899554444105,7.8281998729876445
4.25165457895351,8.452522408884843
4.199932613950617,8.158038585101774
3.9597132937730843,8.39865833864351
3.9421218082088507,8.461252866577397
4.054821689310826,8.65922471926156
4.0629839152908644,8.198414558321044
3.7847920676574556,9.185716102136047
3.8258324212565302,8.59901602327413
3.922810975941047,7.444787967374876
3.8614419643779656,7.993247767473315
3.862669727672571,8.751959768869899
3.9102020865043166,8.081725485911115
3.6990219991838336,7.797214797073714
3.854789535896607,8.526228080933056
3.5713645346037586,8.315283922201488
4.099883314317157,8.681344626741765
3.763505181180359,7.601438066314487
3.695862033413477,8.207909578720459
4.25311859695408,8.171396854719227
4.056734103396669,7.847062082124788
3.944349574389029,8.658941846709428
3.7641531720143258,8.215478818296422
4.117955590019043,8.479756826770679
3.9980222413566753,8.423651777858916
3.723929024563821,8.347589157289464
3.79707899530925,8.399222130256385
4.051918920706101,8.03599862639184
4.051902061204182,8.539874676314998
3.962551774905132,8.325351146287197
3.862761396731177,8.220783742363308
4.028561739655587,8.557693526926444
3.8061440957265766,7.7554657509217115
4.0059341418870895,8.30034390646083
4.111581421527955,8.933506151655948
4.102782429461929,8.437972022370001
3.8174814905187437,7.70524281471499
3.9706429319592735,8.376333792978397
3.735704132047084,8.498014954078638
4.1288547247788605,8.836083341796497
3.872548453132142,7.8477348336936466
4.03415533630187,8.537534437817975
3.8544185050261155,8.52987133465386
3.909771897876452,8.255717186533767
3.63266213398142,8.533923023583375
3.9991874849582096,8.255088409619832
4.265601321023814,8.21084192303657
3.87950498302202,8.431742574801264
3.921554106471962,8.15868519048845
3.846124286504425,7.828962728511083
4.066547862888685,8.536343665413952
4.150867970441709,8.182035844103034
3.877209972431344,7.848693341014843
3.9136074686768887,8.048676874016953
3.9443569202601703,8.16300431183064
4.193696603064033,8.196886679442885
3.9835172627604534,8.200168961328677
3.7028312340395675,8.34701400085538
3.5487512419268534,8.570044340074718
3.730141089811351,8.552429524534054
4.070265861248326,8.527278329385004
4.004558851373657,8.670072287547914
3.715617846009554,8.588808071953324
4.009512012192911,8.320082853271012
4.333727355101298,8.318744839720297
3.8586221018473115,8.477929653325873
4.1164903877087555,9.060350816011093
3.837516498791781,8.508560905745112
3.9265797404092573,8.185414922175825
3.7159226764428315,8.478218683273225
3.9786718840976607,8.245484725885964
4.015690412198279,8.457602540412575
3.877360077428205,9.139209425398665
3.8174363046441724,8.458218499643415
3.9446464865086304,8.466861001937623
4.161909793926269,8.096828070394238
3.7855030850904066,8.33056779300493
3.820247548549641,8.159939568644027
4.174415516738021,8.283176217520257
3.8156024400889206,8.328026537468038
4.1613246716288055,8.034944175731816
3.6339578062384703,8.079561668774016
3.692796608012245,8.367773873503756
3.840527277443994,8.053367174173452
3.8663046849754377,8.207561956965394
4.0984952080434764,8.22826097837481
4.228502582835192,8.470841398423754
3.7833930439975814,8.386741008275067
3.733225433342962,8.23937642721856
3.9290767141586818,8.550054591152547
3.9733028770198895,7.856333784076385
4.025239182306318,8.465994516021835
3.8401480247272746,8.353210800611937
4.0682624004642,8.433543548628341
4.249813006302266,8.488046819222953
4.259454372008093,8.799485140434957
3.851469231804416,8.546963936257182
3.8436857063392695,8.388246648067524
3.9809839382545604,8.719554765419181
3.879379214943876,7.81167944643784
4.311380368355069,7.808180240804646
3.8718895660115007,7.759256874529092
4.048650350055957,8.220796185113263
4.22613479443702,7.899535352553793
4.017100169200724,8.09607753934243
3.909573916868846,8.60273581089641
3.8074404308212593,8.431939625216119
3.772972968540071,8.782323236605947
3.7812091489427035,8.333355979393183
3.666449499876429,8.185096390249075
3.892046327145546,8.203926313871083
3.7418886033426193,8.025908414923574
3.949779247710953,8.213979594234829
3.8659668123808966,8.291257183357525
3.8532593088963396,8.654695079775601
3.9876980627108147,8.397674679519818
3.8844030490245007,8.624608340654452
3.891079840776245,8.319827361750773
4.359781329928718,8.367838920819228
3.8793505643311517,8.584838703720504
3.7862713991192827,7.8143617330886475
3.7078276987789573,8.448821447920764
3.833317959583195,8.533979007536972
3.7759548900696,8.530049714714488
3.9504804704151075,8.52338543941224
3.9365107148143474,8.326134505153377
3.9494952651088218,8.574915479044627
3.748103537422145,8.172289532241617
3.7981452859719353,8.24100502824533
3.8867701804802346,9.056830675427
3.944338952639022,8.36032269734624
3.8790362739774076,8.366054835757554
3.9420145582786015,8.488830921196751
3.8792141511470826,8.089304851748949
3.8744362806387214,7.8526916194246255
3.8458332247427656,8.311662648309222
3.86744197532488,8.051563375112057
4.052011015136278,8.410670750806771
3.8287621650165504,8.710173853490701
3.6585117953358104,8.079019675819207
3.792617656656418,8.025437403210358
3.8543780062156707,8.426961354845284
3.84973039149266,8.302125313388846
3.8199290034728874,8.76350395959979
3.774897180960668,8.040569507939072
4.104678649104305,8.552225168321959
4.139999403963638,8.677929012970361
4.120086898661359,7.6532681979371935
4.151739273666285,8.543029878400208
4.06772840026711,8.190680024841953
4.035232343324475,8.152176340868648
4.164781163234659,8.192163242661742
3.699615413341983,7.610087250391899
3.7841460804913427,8.445333115404159
4.015072351697641,8.31588514429693
4.194609755316388,8.709549619962171
3.7395816681495435,8.413499367938249
3.9207125222470087,8.294640077066575
3.6929614125252237,8.42701479285491
3.816562365631701,8.61426214604032
3.9342489778785175,7.8056164686184
3.90719015753855,8.472860530996495
3.8180820454165687,8.21680050825232
3.908711507717273,8.104858711134098
3.82410581904341,8.838435635562602
4.0467030937183175,8.030251893979033
3.5766865165728974,8.143092253198365
3.746960545601643,8.149651228231832
4.224686031221166,8.573421126552757
4.106945580296331,8.443193352080247
3.8485959338635323,8.61426727641932
4.2240552121697705,8.185331812622653
3.811141550944335,8.270743050103317
3.8358605755441113,8.265548638399236
3.8114831881583116,8.416872677554572
3.949591406110996,7.929688131317483
3.874890823036827,8.192845557624922
3.880510366410546,8.181262662724329
4.057336011904397,8.454249072108297
3.6898036602571698,8.400325771277233
4.004185994415808,8.515337048448306
3.849254641457229,8.509350781955673
3.7873167041737306,8.3963148880929
3.829732325857935,9.083461189123653
3.6250514937756413,8.102578670248448
3.972245354510425,8.621539204896871
3.777800323618647,7.9249783436038195
4.025199175044186,8.664988032910959
3.8907448091184706,8.27649733864773
4.076364924318025,8.427747109215824
4.206852591256612,8.085809427367622
4.030515984200588,8.538476622087622
4.012841039659099,8.141520325966432
3.83245452663908,8.095045467495241
3.8524054188762777,8.444523582700908
3.6483222812007585,8.651646326738815
4.177778800325968,8.194976165008958
4.132497540519033,8.364593659247348
3.6585592052788085,8.055062145956377
4.007990041339571,8.358034320405743
3.7910229776779993,8.038032701910524
4.08080699455108,8.881475820592879
4.244643326830875,8.102590336757634
4.027031186909568,8.679546626167028
4.029142113862136,8.59391489964198
3.759255682532753,8.33032988731713
4.086638413995742,8.027681706490801
3.93519619292748,8.419492237403116
3.8271042903177546,7.814055442771964
3.7566557915358483,7.97571094735324
4.055232879103357,8.250202127043497
4.172777556920466,8.196149939832825
3.943876480502813,8.646611414894988
4.1759996395744725,8.394557896316792
3.922334470623574,8.356337623002403
3.7875029627752737,8.255443343370667
4.089344934068635,7.960273068975016
3.995497021251052,8.517140603766117
3.8451207876623013,8.15043949293486
3.7834268900317727,8.566606834074276
4.0649919675169475,8.434180226055537
3.885840724827609,8.58476762634937
4.002064544286636,8.073454561277627
3.7358353484076114,8.282914315406577
4.082578664546718,8.312216003092601
3.7175869366069434,8.285316256867958
3.8327125578546113,8.159254456924801
4.0348428485428895,8.05401355391064
4.229555239014091,8.242085967638587
4.202774202481519,8.160802960308153
3.68168495673749,8.467793638284025