5.03561297067746,10.04349408860898
4.8489352538344574,10.361132791308346
4.945577741565193,10.365237717725444
4.789532276658127,10.468428839544277
4.678337742779598,10.776843998931461
4.737509887084495,10.799927730014575
5.036478407556869,10.087152885818496
4.804917040282403,10.02951369389423
4.86246196602545,10.460199314714137
4.749007698407884,10.569332233011451
4.83281695079064,10.635869814218234
5.006067392565008,10.460944644981781
5.038660080347732,9.98069196603154
4.84304751816341,10.109427407412392
4.889856054643057,10.133429617350645
4.964669487042112,10.319909675661657
5.045798491609008,10.580613784768648
4.901067036063072,10.364303329032067
4.902759662378315,10.125297827465499
4.705594924552263,10.969809752370422
4.825856867272648,10.648256438505785
4.770478989926409,10.53278593929228
5.128476926576429,10.451617244143984
4.7069839142923255,10.459934310837012
4.867074518983458,10.075382218447588
4.757478667884503,10.790550297145604
4.8312952906052065,10.555610212108316
4.964354243078547,9.984687488356409
4.788205967807545,10.854315060728537
4.671335713397455,10.504097995765742
4.686074133544444,10.323816004779225
4.944933989708839,9.981566378805692
4.837954166143246,10.086957837096746
4.971110167231924,10.375452373518335
4.92998251081136,10.30330228571193
4.767100662208401,10.371382119832234
4.705036036221162,10.333804360664331
5.171493219378057,10.44796642805939
4.849217809232135,10.70532402121684
4.767981711167571,9.931283889286554
4.866304189504786,10.44779360563259
5.042072162586524,9.845232629324498
4.977783331114761,10.479365689476609
5.089571939010438,10.08965649821548
4.874964462824597,10.397448673740774
4.776498668813543,10.309131406336975
4.968501756735779,10.896690162152932
5.027729858555269,10.342768837818664
4.836897651141489,9.901976000270581
5.243693769711694,10.216138004887108
4.905571624386009,10.995594238663193
4.75862032779599,10.633539098314202
4.8160586730189126,10.606306395718331
4.733695406588819,10.305710132508699
4.945944438377132,10.243645604869473
4.720184915563804,10.737350098085729
4.985556119384053,10.286400411297938
4.843328753739892,10.666385383004126
4.9459595248458035,10.646095701039679
4.640536502279877,10.359707361684782
4.801993644766622,10.186571168004932
4.988296055538983,10.536801208783324
4.8877265294740555,10.315514177678788
4.885654721437541,10.719607746042538
5.022669417496357,10.47325133138507
4.827912927694959,10.69054602577745
4.918561189067519,10.570945503539637
4.733588542844198,9.91058833298326
4.933020584566458,10.557978501552908
4.597614858224521,10.456767891749486
4.60659054087381,10.362676310574516
4.9507256322794255,10.304896522972658
5.037309728726171,10.536997783479752
4.816422332763348,10.371401484390498
4.825183709439215,10.180673171727037
4.8383364656155825,10.258943782430148
4.73822307890333,10.787555334146532
4.597964599010157,10.593722085115258
4.945205281039329,10.656868518625732
4.804687125698948,10.198283284179224
4.982336799095799,10.871410410322849
4.798733997125815,10.346417538477986
4.773023200270891,10.051493331687896
4.786114328792787,10.256260192616486
4.918900999921437,10.532812807560868
4.886583980261618,10.25198430860409
4.889207006457207,10.222829065162383
5.09497891017445,10.304084543680508
4.616475245953115,10.340072718337757
4.584608461741275,10.169003095957594
4.823147337748574,10.172725792421035
4.804815087939229,10.102719051217672
4.803286918665319,10.351633343065782
4.903181663715201,10.560451777618587
4.9395379432845425,10.261218258215347
4.804977299055772,10.301857055300728
4.731562583543996,11.013654081490401
4.74080271259278,10.649795429234725
4.833607928593789,10.581399125908403
4.948116792537062,10.795255593744649
4.743540030337037,10.13019554252146
4.67782248135065,10.025036083529802
5.001922315237912,10.698772731740593
4.978300315972,10.32203333641634
4.78597654944942,10.604691067334983
5.020514858156562,10.436682317371245
4.588223665376614,10.881069929427712
4.768913621599571,10.65628754356156
4.967141389537618,10.304648929049657
5.0101412877242995,10.007907809736357
5.015549938107558,10.296663647899567
4.618305563103671,10.2486120416314
5.024335440909772,10.68906354096313
5.024030101006765,10.440991220640472
4.657610280379164,10.804424990587446
4.860585366790883,10.717297075458328
4.814340281286833,10.378551961570196
4.724458549598061,10.368604257719074
4.536468583544203,10.058602246811391
4.906610626048835,10.339140133620955
5.256717258140405,10.494416773921392
4.887610689398996,10.285254483538088
4.788998389019977,10.540806177283224
4.965772823308467,10.318012167557857
4.77304753087772,10.470490670043434
4.899560429768159,10.261891682405432
4.749580975978556,10.154563433070914
4.968578413272599,10.171853328037082
4.975274838863432,10.712882347888106
4.838722770911452,10.539843226148081
4.9635194045525495,10.573461167792201
4.864630607126831,10.05851570837796
4.772439830592358,10.244195100025362
4.85936105326037,10.535190207542232
4.905944024827914,10.478820472590522
4.948766936106342,10.406149531735503
4.961970074013212,10.881236318691956
4.86317745420939,10.597712684389592
4.642427229702041,10.458002872751504
4.839028405260173,10.026053257858553
4.953897565962987,10.44472371230521
4.786693142854458,10.167084042482651
4.961402798254646,10.538492526904646
4.916047330748846,10.392673316836367
4.859924090784671,10.44082093539967
4.665798795744013,10.186581772053087
4.5529734336312275,10.258541911597657
5.118261861814522,10.755943867423744
4.72697861259506,10.299999793507236
4.791902227921256,10.49585296264817
4.843920267397967,10.406613173765741
5.084109328480987,10.680925430566232
5.03003826624813,10.805173689535057
4.800494081862225,10.267911607510674
4.838708600748892,10.13295797573081
4.866655867485325,10.683648683797331
4.922633287485935,10.285677591116906
4.750744868502124,10.703330058194528
4.838814369983106,10.256903804126345
4.817846240518818,9.966017514304497
4.8289693709956865,10.210178616199284
4.672454073773007,10.138985771061947
4.569956047586778,9.923047007264095
4.8688119106999,10.487113538659036
4.88058951906171,10.013607896070333
4.678807322766471,10.335798108535029
4.966202822282779,11.004150545331807
4.743690671932294,10.43811619935534
4.9613815843334415,10.591270914443204
4.715948885426511,10.546168221828495
4.907512527464353,10.20215138464803
4.8262816465071765,10.426326961574954
4.84407054638522,10.15109691066439
4.959161867791619,10.478560247880859
4.960765901878367,10.579080533508723
4.705640824155499,10.46500283421006
4.939399385105094,10.807464520404398
5.177744607874027,10.187795541395936
4.775914361778172,10.063392282624843
4.823769542712491,10.625983521958092
4.775915437413628,10.282915814888542
4.8675353894670925,10.511824643311538
4.931666152405583,10.409272817844025
4.851437881418428,10.242179666636808
4.938801529441812,10.584430581257212
4.838031639919479,10.777959048885904
4.911716700819209,10.780384511325202
4.833901916095055,10.631275009253397
4.813833718098678,10.072161276965584
4.835513398397998,10.223671368615758
4.858346133612898,10.386426329111869
5.141149104863093,10.14907719894732
4.682156885091159,10.659780247502578
5.032943189203454,10.50702125333652
4.933163412336355,10.280271863950794
4.9594739904748115,10.479491890887175
4.746471559599272,10.458059819941536
4.702148248253587,10.430092622014573
4.717141529919218,10.290546575051856
4.767125502249865,10.438005496212664
4.787615281424831,10.0555311721135
5.072154901856025,10.711677177858892
4.716927402547212,10.625108094835998
4.890766562988961,10.640824935383241
4.868604945355931,10.312877022562965
4.918479887917552,10.125975976018063
4.853877590517193,10.084565200802382
4.793630239533562,10.24402724101803
4.614494649838994,10.544642943769206
4.827113292142571,10.613709218358496
5.169370852341612,10.586213843623753
4.773277742425039,10.239251228184777
4.869015709583282,10.385555979919397
4.810580964495622,10.700830577152074
4.95333541393087,10.208775854815832
4.944261529940959,10.55523711013982
4.601035509308994,10.839070128467819
5.025463194676861,10.697617616438738
4.9693469423380225,10.387278203254432
4.7237334680888505,10.123988458569082
4.651532696541989,10.30032337010123
4.862049071254822,10.130156302660028
4.719039729062572,10.602931015571599
4.703974355695628,10.278200589615373
4.801767740404267,10.544412085550109
4.652756592968651,10.476020002457192
5.000543493050465,10.386143262125353
4.958919303853283,10.668135992587922
4.862238080605966,10.318424313153319
4.990587076816457,10.123829808365642
4.800384601743341,10.219122406636872
4.866613534966126,10.244089219328274
4.90140742362606,10.306135693022322
4.867243179602722,10.34151644375032
4.956790550634939,10.367714865204027
4.806507352604697,10.350446148671725
4.967775776643431,10.528765771639954
4.845245891276183,10.442053505259002
4.741206980801001,10.376770614255154
4.759175205695833,10.0359010659014
4.9431439499886745,10.9698323963225
4.668897850301157,10.267733429304608
4.800746828057622,10.556020184644826
4.921705806156804,10.563310177053035
4.62727457342419,10.512118145003306
4.995686744557543,10.071016297550024
4.746440132607606,9.981221887227601
4.889296342370389,9.88824553536549
5.023883074022064,10.288192139070238
4.741091178017748,9.993740155850103
4.8694525591332,10.648428186471163
4.822639712848041,10.515789788378028
4.799986222879843,9.961874578242089
4.892153527641025,10.334062479808837
4.713617456738054,10.335092809055674
4.82944857205948,10.52841457547455
4.820071944430915,10.042839962048735
4.817606344902593,10.234472712261026
4.731266667637737,10.527611694866687
4.807773614698071,10.358796644497211
4.985978011803103,10.727163184222691
4.684528936687353,10.422020128020717
4.900165940275384,10.3045532612092
4.8185876312080795,10.126577069120223
5.063553264119636,9.998262347799471
5.100952447929191,10.086010216272948
4.9016496697116985,10.09482249256058
4.706543501565758,10.546560187867868
4.604256736479376,10.68690227085275
4.845856978834967,10.392074805440574
5.055035371693596,10.850470940386188
4.7941867371456,10.470115213460868
4.815172338935112,10.22391057172018
4.6616053907809505,10.008996831074551
4.825186463161097,10.447936320680496
4.901083925984903,10.541768231069852
4.832018521881401,10.035413563435018
4.960849571565253,10.913611202232671
4.8235327744986884,10.257305659241425
4.753282121450185,10.212450993270691
4.869679914341245,10.343465202068154
4.741970899771948,10.66956648513675
4.822999036498716,9.978005433136662
4.705829960367342,10.434160477136956
4.670883869180286,10.699363387527354
4.97791997748155,10.52390728899633
4.873050765839357,10.909475508499638
4.845901297393651,10.878025244213037
4.63249337245539,10.689963019273561
4.89641431587996,10.379156554462586
4.888265093524572,10.107392202805402
4.898759714292598,10.039510654802607
4.8371896992181345,10.575143296050346
4.999690601414755,10.655183820192526
4.85665654815959,10.206197497778403
4.630065785766741,10.454385427265132
4.7940186070911395,10.195635169695649
4.915422423278471,10.510969098329076
4.71218298662653,10.416363324069415
4.798448049396137,10.178362699042832
4.884335644274165,10.479196230544517
5.159167628907979,10.195880043572693
4.662868667088587,10.568966381003976
4.905457237289164,10.732473835873117
4.605757920278376,10.24435041692482
5.074755386187002,10.037855717427659
4.961138573147006,10.673684808643278
4.71595743583305,10.773522941421056
4.761313423941356,10.735373271876096
5.010940046939128,10.442350119774368
4.857194785900796,10.34169203711425
4.8437886832030514,10.66136946989365
4.856152632634183,10.328005919354641
4.824299678368054,10.481527053495181
5.009907352775384,10.44701142083769
4.71617195227273,9.886281941877806
5.210238031987445,10.462194880154865
4.927147499184217,10.839178948802969
4.920971630844546,10.677383103300945
4.754844118126724,10.415799374325076
4.821066927800245,10.219824721011832
4.821098808374643,10.623885864073857
4.79353977699538,10.517274153001289
4.814048345117005,10.017279686262842
4.880907651098576,10.467419195114465
5.04651142014423,10.155054580477655
4.591741035688575,9.949589032788134
4.937057502481504,10.369817232721138
4.984312403817258,10.504120413691382
4.887732772972816,10.191720979969356
4.759538707039836,10.65375170848397
4.937010870090536,10.531491755617468
5.071008750599405,10.61119353824311
4.79188885545396,10.369351235998879
4.897645116915447,10.46781108356762
4.664291650117206,10.614093190639677
4.968157754139748,10.613137243654226
4.847253895063129,10.681254690504128
4.488094231792824,10.665941444669832
4.59702848650189,10.322098336134877
5.0999538962027655,10.662539821421845
4.921785791162918,10.718272135251912
4.9291293821633175,10.504094682247203
4.971118587438234,10.502171997060533
4.7011919492829914,10.40012230424556
4.8024683940100426,10.209850046804332
4.830771001566026,10.428349377616287
4.870721852310762,10.778522715050142
4.950425363027102,10.652367071944948
4.999428094188248,10.324295005979595
4.825265231629342,10.222421400583453
4.88307574408498,10.13319178616263
4.947711941141817,10.215658415537014
4.7621500635100995,10.249212671455389
4.7792905605279925,10.144313006492231
5.089350423087931,10.26027467810696
4.86356441474065,10.68023561614767
4.816466023006252,10.653179797202327
4.841787256619026,10.107969428673275
4.7780216925496415,10.259759857592098
4.836066824459231,10.46545826294358
4.92514177851852,10.091366422851872
4.866843888160443,10.586269494286592
4.762117146084842,9.995309400959188
4.696576473606601,10.48932420164353
4.763922388528743,10.457673046358074
4.7574827133826085,10.246560767458618
4.64989508460099,10.79544434121058
4.9123236451886525,10.204140303481484
4.835406587282047,10.524504461941065
4.97888628319383,10.347915600015934
4.980299204052091,10.373333212225784
4.764675571258426,10.770928258759126
4.8499599842754195,10.491509179600802
4.834419507636297,10.736968455383312
4.871619681599173,10.659028348892656
4.774741871159469,10.73922275535128
5.097639582568128,10.122858957986292
4.876634646636806,10.22375734426278
4.735772759122049,10.035138067740245
5.259269423077593,10.42468322730351
4.866089748551972,10.770226976524244
4.82197982674824,10.517686518026814
4.842634352020476,10.767849737640521
4.814838863157601,10.630502797511337
4.762181544936687,10.362537689830395
4.867976631055787,10.587233252914295
4.883588083712046,10.362196408999681
4.793251343922309,10.373919724212442
4.966610494441535,10.741029283883998
4.989583015253381,10.152776484313346
4.9965678977633345,10.536857514396024
4.973921809757327,10.619246606155567
4.814339697073673,10.367230864582522
4.702742370489722,10.834508964912287
4.75791726068068,11.048020204187408
4.683478790383355,10.023176468433745
4.908261778567387,10.183085985130806
4.76996903705406,10.343344612132096
4.812041720139301,10.469673143715108
5.146966553970477,10.275975486626141
5.058247807488741,10.242797467799262
4.9110169184857035,10.547569038376128
4.725760519324355,10.36461266112968
4.89901576075838,10.794798539799661
4.81350713308737,10.60773117443645
4.803218894857925,10.34871919091173
4.913535221221134,10.843925258159711
4.89989725132129,10.59087758056242
4.688269759823176,10.540187701112176
4.96592288910512,10.6302499470248
4.839199051091329,10.499915525958803
4.962869061128299,10.233503383498935
4.9673847856651285,10.381095333684067
4.826552336840207,10.3962794600556
4.871896688346906,10.07610418406646
4.932150410657208,10.6309311832347
4.792433534632313,10.426228437072723
5.025886334443569,10.230950650199206
4.713596244162734,10.315428423535977
5.01293970817497,10.682787066227547
4.777283919403922,9.841434346845565
4.844527595651076,10.453969803993495
4.918987485704924,10.508671874587602
4.839832083043921,10.47949249880417
5.012522721700461,10.502214167593046
4.597065981970582,10.805907463256023
5.037694052919196,10.527103938554395
4.717987794182659,10.409523263661827
5.077884904361187,10.409596612046702
4.968512524130039,10.452227885482484
4.581303446410036,10.344733242497007
4.856147963142787,10.04891901903788
4.8016516560333224,10.460993337629127
5.1075290314791255,10.157948691545018
4.709219857802421,10.291437500635132
4.755069349966604,10.51229589039113
4.713389173557008,10.294745045597606
4.934551157283808,10.185477369111448
4.642199757795016,10.507175983747008
4.882034617226952,10.685832223032415
4.785638316420948,10.063157420636031
5.040301739014761,10.343990921208839
4.775772135433759,10.428272104002792
4.879291445662377,10.073849603254448
5.019422722544322,10.035215640350723
4.841272442009255,10.118333014684163
4.909700395245717,10.31772838469071
5.008955032195711,10.481447969805537
4.729578302708204,10.49735887761224
5.082459913838174,10.593962417136348
4.759029656415626,10.259776317147185
4.702804419021263,10.311662009566838
4.9531546042681605,10.180797786559909
4.9286162935889575,10.445726538527177
5.026361484415165,10.268936927573169
4.8374652349224325,10.136725499886055
4.6648013153814905,10.312940357796043
4.8206898145206045,10.288308284831748
4.899011331036396,10.410632923869622
5.016017828223132,10.45431084883445
4.554255042121131,10.174350710636393
5.1082936906122995,10.818590372033254
4.815873263870403,10.009239541010158
4.890718229886282,10.342602133235975
4.97234716808238,10.597508565406434
4.833337254175113,10.019262210057974
4.843639275589372,10.51481044931756
4.91875657793821,10.379751789464805
4.7700432877352075,10.510279879489987
4.827758261893767,10.624101261607874
4.863226559346289,10.820205182780484
5.032474102460284,10.252427809820121
4.936068545304046,10.767023274103916
5.055006975151786,10.074278210393402
4.890933207188785,10.179640189218189
4.949336394937747,10.399574664906213
4.96824037259901,10.789665624755845
4.873658364224791,10.45809331311648
5.0159734361216675,10.676018895591453
4.696241008826474,10.5672133151284
4.77617436680432,10.21224953395827
4.535919463312237,10.056017729170884
4.681638877075782,10.232181393530684
4.977078220246773,10.18589161459875
4.72700787039211,10.045177591611527
5.05574628873327,10.623543666297888
4.853551979288793,10.680277523918676
4.873847695985938,10.011510107629084
4.6377828298704316,10.742064030885713
4.618048206975214,10.478304034710456
5.061197428672663,10.175276189365361
4.940854793968857,10.2734927897219
4.994532186445676,10.613469843782775
4.605361323875259,10.465023087262308
4.976802650394342,10.29046868226451
4.8741435521117085,10.729086722445464
4.918370893577573,10.090595536831522
5.125151503708323,10.29649848264137
4.807797041023292,10.513673889814186
4.97544411911121,10.641764906434098
4.960404158329675,10.091103867509162
4.9382014900604485,10.584131531348758
4.851190913123921,10.523583397809418
4.8286111908838985,10.310506468685505
4.977825168563887,10.272801796073807
4.9051777581231635,10.544015783639773
4.755518656521965,10.42414472019026
4.82735925350418,10.61914761416826
4.8702504021492805,10.391171154042985
5.053985428560893,10.450992250048287
4.790414327332345,10.295726559401269
4.93756313171529,10.485184443340168
4.835238042071994,10.287908856928494
5.075091256837961,10.288718446743756
4.918324142685513,10.290568780753143
4.847183630778363,10.140294494241978
4.761731597933065,10.377957070023346
4.9172775582470845,10.373816274188746
4.846780848778044,10.822695314890764
4.760683665151204,10.610383015736685
4.785670130700397,10.927155522214175
5.101117019332333,10.925738906303206
4.916160772957743,10.286751915663116
5.114995234742907,10.607567306375433
4.768196030744083,10.598032798198004
4.842292959398824,10.64330117219361
4.857036641669593,10.845801042018142
4.722800260126771,10.731088628387825
4.943365147815453,9.900944187812357
4.747004680760656,10.095921500637438
4.894500153000033,10.843829805313467
4.845792906208586,10.436396193574971
4.70854009430523,10.518293770082595
4.66303774737292,10.68828390538236
4.8205142582028495,9.954290591815083
4.6652483977425625,10.431168996535758
4.753565621997947,10.350601846260755
5.003173040057602,10.184720689224266
4.844743262078059,10.735058600885026
4.747813552082242,10.398505577797104
4.7685558344258325,10.892646697251541
4.9983737943629505,10.530250019767374
4.966893600908797,10.315427555243147
4.653432680027942,10.140328712881601
4.794777741996349,10.57779396261545
4.883291335618438,10.58372810942325
4.793206681028454,10.773936550022144
4.909226608139727,10.185264943282068
4.86304507892869,10.555609773448001
4.910514481848762,10.468321230215833
4.967333253751111,10.568426761104787
4.654840336604952,10.084424508634614
4.943147376199429,10.119373841096769
5.11596814218683,10.595888154546593
5.01767677373698,10.444051144188302
4.954075001405176,10.817993630759121
4.792944109955254,10.570276745675471
4.767686221113203,10.684202871482867
4.845299102534503,10.548924188708789
4.866541340845939,10.486406790749864
4.711385943402924,10.453455648609983
4.971501261490824,10.834715221517776
4.856797417804983,10.389529466317422
4.911148733159121,10.414963134271494
4.937794428674829,10.67318975918487
4.933778344186663,10.484102812563465
4.902474968035124,10.32477671694959
4.934576744978818,10.308185575159015
4.8543533589445556,10.23361643718365
4.890406960725776,10.488817137251454
4.889305238509098,10.80355050187409
4.940330507411071,10.75174885767725
4.9077012140291965,10.199781429722218
4.813496249268293,10.409057328894338
4.686913563110605,10.450227299259435
4.779827674854815,10.654035621073973
4.842481755833732,10.385772894836128
4.851414502152799,10.302854512768153
4.875184502466495,10.626036962398059
4.737470505021872,10.32133349353217
5.024113476607734,10.070367752308526
5.0212893408929755,10.495543488651686
4.819735879013721,10.404013111194722
4.906557243584566,10.522580602670631
4.876044507736238,9.963227398706206
4.718754630484115,10.602504968429066
4.991388707759405,10.487803271732053
5.010059717808579,10.208684258881055
4.931791593407268,10.83559952777369
4.727620743007956,10.428762985733986
4.643840580768168,10.340639941853565
4.946320255387101,10.291924198254668
4.688266420729168,10.152195108450428
4.60581021259228,10.228147403705858
4.782818676036189,10.321598135764006
4.756474204803207,10.868884962242305
5.007483607778403,10.996134907155966
4.597600510891642,10.359186201673413
4.881546352694713,10.439823703151308
4.840150807448702,10.15423554650094
4.878212265676307,10.205400233946282
4.861948861813729,10.454267664850349
4.701687608328288,10.733925641347165
4.973958768757209,10.445085328144499
4.792093178020979,10.403729376361172
4.722122920810688,10.709302076085212
4.7880984578337715,10.493431120143379
5.046163568874656,10.532412154313308
5.128458813857348,10.754159138365189
4.765921349748567,10.530068318614996
4.826664502196545,10.572682195176911
4.977682232668345,10.782250172632542
4.7590369161389505,10.621901146847646
4.984390788453237,10.598266752931183
4.953623945914206,10.301897208173287
4.788880053217217,10.478637040667495
5.014349441530281,10.116167524581542
4.8080023250950035,10.5436195817731
4.779688879160857,10.674578042642073
4.8220609454618595,10.292463469708691
4.561561441155343,10.093764930827348
4.890320652898859,10.142122120126045
4.836048255377341,10.535987300529914
4.578199811449358,10.167746662059344
5.000718195077934,10.375918117664487
4.800821336334509,10.318570504799649
4.767827808804416,10.399562537793756
4.908194675078523,9.951797066072716
4.811763157029886,10.450411895255671
4.7322628274149885,10.837587280624502
4.981528263868155,10.643523490358183
4.891522376247045,10.541211592366256
5.015157352317606,10.464186806306541
4.662908272216968,10.606120408972272
4.960464754627161,10.50263613315367
5.046631787357318,9.995831723183413
4.809174650779634,10.372353808115891
4.864609532295576,10.33660720194618
4.9418107183626585,10.602857493652408
4.830077504840428,10.286328790607108
4.77308840991413,10.473277924054596
5.052470039733441,9.777510092250811
4.907827232327479,10.46289578577487
4.879632036093001,10.38000517156015
4.885672519383807,10.410250324886583
4.7805337217436685,10.805499089091574
4.911852199629664,10.6093478796449
4.8533835162958034,10.252988355867961
4.880522945828922,10.005564781548543
4.758294658150613,10.517527197744156
4.786312726190527,10.573850505525412
5.008592929053981,9.983815735246017
4.88027594909782,10.128949741832674
5.042412101884363,10.155554131548572
4.942459006304906,10.190162521513784
4.878269774541119,10.438964786233903
4.738797859278146,10.804965406156738
4.863505277571959,9.988716814345159
4.708586469286591,10.023605963652386
4.765970685212227,10.330048213412894
4.85076308357001,10.291635733632821
4.872237023363852,10.376481887729835
4.793584065816507,10.384335288501827
4.853309195286049,10.730906029407894
5.11653043804667,11.026175266455088
4.675100241553003,10.364041674440836
4.946539097639008,10.277417141617374
4.756667303446706,10.477471735186265
4.884753569426664,10.386911749089272
4.689069385650629,10.202023598162105
4.8383251526277675,10.64760015953639
4.794515977450302,10.12968510932948
4.667257288280403,10.350847985773404
4.964465026278031,10.538575494419108
4.860054165611497,10.162857965318269
4.9826726369734535,10.255278788324253
4.838345354408414,10.699977339437647
4.835647970470782,10.909713866148518
4.685960075372417,10.50148393137719
4.7481021740646225,10.236863327642967
4.705170870334327,10.390181917808139
4.832944266399309,10.41123640799404
4.685173752937992,10.09208176646554
4.976660586248776,10.287544835077531
5.037393597181207,10.068160044520116
4.775180385311166,10.06658190627852
5.018481761841938,10.743307397643001
5.101380698091857,10.657397425355338
5.009418228045036,10.669522123636845
4.703038538476194,10.300799912709863
4.906095744015923,10.317198033397093
4.850214926249915,10.4596475449757
4.83184741126578,11.050083703246639
4.848030494763669,9.885324662217693
5.1368059616750825,10.444934332847282
4.8178393129613415,10.451284826007187
4.76821831737928,10.50357158967409
4.907443501424772,10.913694792707267
4.795605429745346,10.2073282352153
5.045006700693482,10.587584153296378
4.799333160277733,10.357384264637965
4.778677756809663,10.929497047897437
4.8274230424556945,10.564604103178583
5.089987970666387,10.210878985836386
4.6853058572938355,10.582054424382022
4.861872988802893,10.32804487582518
4.830279795771652,9.973852830767985
4.831982258108596,10.545986606391432
4.782878106988963,10.377346009042324
4.821753975845373,10.098986673505188
5.101469149440267,10.90395036972251
4.648237202171817,10.161102659247565
4.840134832857428,10.405579199709255
4.726858913597304,10.342618037123666
4.691121757524553,10.701222786181331
4.7028553763557275,10.229149685071674
4.649333533763877,10.973752536623333
4.753477653979462,10.210328125695767
4.654867258402786,9.95157509519955
4.73518222539455,10.357022941427969
4.636044945669188,10.290115268002463
4.837448720029986,10.360895894813853
4.67642602135326,10.305546871727232
4.867139756915927,10.386497567418061
4.929685953566982,10.547790785084615
4.887106970671969,10.294170795689164
4.819822774611696,10.082614518173107
4.735253632131415,10.107761330900084
4.91696195982708,10.877728764163368
4.707719569832919,10.285622940197065
4.83993010868048,10.00129513312457
4.686447141081467,10.627192353131585
5.03162043499738,10.777300859681732
4.915789135405686,10.626020574807642
4.901009542644127,10.476115706534763
4.905188697664332,10.454057302302243
4.782530614082573,10.27944461336427
4.916459356647502,10.33001870172442
4.80902924700401,10.886022689612858
4.8317586227935845,10.188978022827293
4.9968395539052635,9.983191543659355
4.79091807178695,10.310028716554823
4.731145583565061,10.101493267972284
4.8790699359631295,10.157692570047491
4.755161746904051,10.52505174961885
4.864207060281068,10.103936735378175
4.8297851855706035,10.250224519307721
5.054760005905403,10.329627908940433
4.788091725012455,10.01167614926869
4.838979897827815,10.517274788521336
4.722098475876273,10.235786896752163
4.796506098369282,10.453066537009825
4.813778425085746,10.325609581285788
4.8001945902514365,10.38724099114164
4.849608517191363,11.005891575120986
4.787091064225591,10.71676652976514
4.888966265929023,10.888367589353603
4.867669151878517,10.032210800739907
5.075616151942499,10.130098358744434
4.7795916866515,10.693547986843585
5.179793558668824,10.528488851770058
4.9705305805201805,10.682737703121237
4.870816266974558,10.372259427709016
5.1644524558899585,10.262048800963646
4.839752780052474,10.347784593009974
4.903550234187612,10.403421977365793
4.903038254632101,10.514657850660821
4.936852687848291,10.382435970872814
4.692161913963553,10.095921491106902
4.841860231827507,9.952326904485924
5.028414646496984,10.54496580715525
4.764030606671228,10.728797059897547
5.000722407421117,10.745724657895494
4.62680300437779,10.108631440529594
4.836726106054692,10.22228448301145
4.889489076019397,10.30962772866605
4.894186782217011,10.72490878220495
4.665400429212205,10.474965195455193
5.009769517079936,10.629384703181206
4.91784557781166,10.511963728992612
4.979053975258166,10.468531018286113
5.132752643508065,10.411307343170662
5.01007086338301,10.484498268832244
4.7534826979411084,10.479834530905887
4.977008297759029,10.391556111666286
4.941694635012113,10.224852077864961
4.753198547782556,10.98983038066687
4.748204012171931,10.337692519658503
4.9079028074744295,10.539624794920922
4.698940292931468,10.4820345711492
4.824175896522873,10.064231669373589
4.979334639240315,10.571925248671818
4.99376714999354,9.916155413052728
4.7944772369888,10.692943362511045
4.905549830924593,10.320267888001483
4.726632428083057,10.136506950602108
4.979416248530451,10.522195591943241
4.79644564228738,10.581654007301026
4.878313553973821,10.745010294784347
5.161225244231354,10.352478428654836
4.861763425901932,10.259286270626651
4.751187863154276,10.410579639681414
4.802876932735394,10.780353258885379
4.76804530733252,10.432014311802252
4.822943079298696,10.642227377284522
4.6838924851314845,10.44443041347683
4.96370171673547,10.597683847755293
4.891793497456855,10.18787331457665
4.847441915826446,10.275739520504725
4.64022468791,10.005329607046267
4.8167381485124565,10.465239600047568
4.8998565653701895,10.37939383161091
4.815611679608192,10.664856559488573
4.874800338988682,10.804667094113864
4.9602230710708985,10.22444093908279
5.140735960662829,10.395763893321421
4.773368155192164,10.064926935118123
4.919354523900052,10.274689807293653
5.0340753460850065,10.558828224836752
4.977508147223335,10.349938628539753
4.7337010074401915,10.365210506698034
4.975200529234105,10.468045182352514
4.938794095536963,10.593014129787335
4.920237738089181,10.174953282967113
4.945497098332707,10.358958457398513
4.809556432984473,10.043864095857769
5.008169909442086,10.298391082279256
4.770025362556999,10.42302459410245
4.595571171682245,11.013877054577598
4.923196303038039,10.817540261607197
4.993624750573912,10.810466633772599
4.929258971100519,10.301705806304838
4.975054785338117,10.139318859844247
4.7960865025470465,10.4778017133009
4.829506042793818,10.390214875457858
5.059221051236747,10.144694730627215
4.893759554868962,10.102456185274491
5.07107379208388,10.681020125084402
4.91225735517083,10.211874676823301
4.890988941763905,9.955700891257761
4.895849757873181,10.226216279288915
4.839264138525603,10.158596405611627
4.83707999353154,10.832983525960426
5.1036200897207165,10.191464377931505
4.717059009607729,10.371769653339248
4.7982679272081725,10.933353740925854
4.804112282714937,10.257658345540015
4.762783943913547,10.335725722072153
4.865046199267219,10.443403502669472
4.905886754370733,10.803853737222585
5.034363899280105,10.110665979160425
4.799034707522153,10.335684249019197
4.674287576190475,10.719864526427669
4.893446055155113,10.289569706226775
4.836290587359831,10.258983909253786
4.836813005629252,10.026326894416703
4.973726921359999,10.402359746135225
4.702480736403742,10.28532247589617
5.048589585367164,10.299489144132137
4.769950350543734,10.286442122728202
4.950600305190123,10.649635026161771
5.017017898701923,10.825432219778506
5.212379685439713,10.630363900364504
4.6545218469505665,10.611818751532454
4.857388884007285,10.519092968964925
5.031512430900556,11.087880931000784
4.75316467936809,10.288353107045095
4.859673592207315,10.578876992796314
4.803090095787415,10.42943164679459
4.812731789559044,10.170836327589061
4.725502350510658,10.252354972915844
5.0031956829811195,10.3218266519069
4.751013796713052,10.32112261066649
4.88134523719398,10.443184330353946
4.961640836518928,10.220305421259395
4.758987670933102,10.537824482316843
4.924461626139579,10.210305162157368
4.760350402725696,10.61230547655217
4.765593739813211,10.378211880374176
4.979775708792914,10.321567210039868
4.947363453095938,10.239074029767998
4.826397337114041,10.838597142188767
4.826370987827222,10.089578075023768
5.137670696840836,10.526197727019872
4.905139022519715,10.402694143556278
4.735190366121164,10.790983889444576
4.843801470891438,10.5160192497744
4.873807017030325,10.306937990355584
4.413742947449313,10.42508800292874
4.682867945835647,9.991494234738074
4.963503633160708,10.58175511200822
4.690704717776362,10.17097357201014
4.944696833955606,10.499909722149583
4.922782141713753,10.035024354948906
4.807411788660057,10.761215289708916
4.785585435073434,10.444702314986017
4.926921101362392,10.763355867381224
4.873351351692851,10.408053859401038
4.675787956143493,9.901759108683393
4.803637417392632,10.274920031520022
4.883820918394154,10.610174083628538
4.879002923088704,10.216814634603928
4.854080546275562,10.95741726776413
5.03000883586019,10.637396517619115
4.859193458412988,10.496856850158023
4.874574957666443,10.111216639179267
4.957588774104863,10.492647234544636
4.9140785143303205,10.048377634184943
4.723750090366064,10.830878798598583
4.981422521958199,10.670384268752011
5.013815871276012,10.244438091558193
4.796519686583516,10.355160078190977
4.993301478941638,10.79317227701546
4.7921176178499865,10.64234600676261
4.768943996978328,10.664587788694439
4.818372912400336,10.470548530119757
4.683619722286457,10.368984315946635
4.773488940179389,9.785078897942103
4.7573578435851624,10.605702472862605
5.038138324096196,10.389191546903515
4.668032623592641,10.503979805687868
4.93386782726224,10.464352901177024
5.180117981206557,10.251023527945708
4.910139162456628,10.666947494608618
4.96722678533998,10.424233191063754
4.694194306159336,10.069532605017816
4.768082009851716,10.453551427815045
4.7689562813019695,10.51680402130485
4.615827624769426,10.735451349803277
4.9614360397196755,10.361750021423513
4.7145649702878005,10.439667614685138
4.887357538206443,10.38441173080209
4.802160747812858,10.262390499666491
4.9185410341400075,10.75657422570745
4.804399768809965,10.661753607024027
4.796405810931568,10.508612775638118
4.857662281820554,10.531396736758573
4.929713873285332,10.22170523527458
5.027187206170839,10.594734313030848
4.897552595759276,10.288825872389957
4.825783649699578,10.437764554151931
4.881641389970064,10.234331213273972
4.8663901829015,10.131102102970514
4.9156122300801695,10.652286243814437
4.967997566313948,10.809442871493124
4.875151378504706,10.307266183872878
4.783864023138818,10.413223086828307
4.907968736187465,10.060642574322774
4.834891412725392,10.232451400988426
4.63975607801149,9.744206564803195
4.7486792103707725,10.230414331149921
4.966507577556935,9.998725089853272
4.87578232654202,10.064303998216298
4.667917032389117,10.836178508106292
4.687511333475702,10.227208717096206
5.0294693513318,11.016289580551334
4.751952370100109,10.249616425057512
4.882062462500626,10.303633287867347
4.649783178426638,10.566077770437213
5.075520344215004,10.097384781167316
4.725952337717144,10.482718627870055
4.757061387492932,10.60241672953776
4.9148130611549465,10.466557486157873
4.9391277843063826,10.601260578583897
4.811702598778291,10.055472564656231
5.050114835214266,10.253795161926691
4.836410555340997,10.101435914936426
5.021713178051946,9.988008771372556
4.722130581205416,10.546887077818353
4.86390805371999,10.095921500637436
4.715698747851143,10.671242479295644
4.732414546647726,10.105083002268936
5.014754745986776,10.455326467676969
4.8887464885744745,10.348549337967365
4.813836333404507,10.68461845667094
4.925930889337908,10.096853285645224
4.816102082028309,10.687784282697061
4.903828937468242,10.02214595205804
4.787979047246434,10.515264950663486
5.02445212632068,10.74287215506904
4.953007832392947,10.058987433493936
4.939033344587998,10.813645954269644
4.808975749618298,10.646966289921219
4.9275327008143055,10.651569282479663
5.01126679444445,10.754436801603738
4.901121252561449,10.129256874273192
4.846493991904078,10.252844406189727
4.772831494810547,10.637621338262353
4.798898096123326,10.537629969245529
4.961663840122197,10.418370564296838
4.8455869957981115,10.360759514908311
4.7840590191304315,10.542235152430623
4.969460741241818,10.633015704810049
4.80689142289103,10.825935753090079
5.065494280388442,10.503106568219735
4.918174105314687,10.099321467408894
4.718520964300084,10.744503555651171
4.797692779740222,10.332526853617495
4.781007311008889,10.502859851146823