6.696396883499345,14.942587512466313
8.203791896922128,12.948835039182779
6.945332446826276,11.750244709896036
6.046256052930793,11.849393450189991
6.984979252491595,12.529990021320007
6.999946655619581,12.77554149234183
5.996596925324431,11.198187297350978
6.99928725995614,13.933027935639895
7.113138301865674,12.345890189083079
6.842553384465476,12.655574774079252
6.328192458715575,11.202586094996214
7.494770062503509,13.1628968314583
6.642061425232654,12.214571762536972
7.699075426542705,9.95761058871625
7.007799237185832,9.847665949147748
8.021055160708354,13.27007379405787
7.022360175468812,11.838464948160569
7.42427655729054,16.388888545381306
6.966755238793342,13.19827942359749
7.353438415099143,12.129910419394847
6.47014641985939,13.174431929425419
6.220783465497616,13.539966518908491
6.68850360449218,12.592898128439327
7.458058578483931,11.074679480684686
6.37869257978858,13.885985388982236
6.766380991431479,12.641892940641316
7.343319419774619,12.379327381412848
7.2394798863314955,14.140312362149736
7.311886306070849,11.406451480599724
6.8026394484295,12.845153144423817
7.9049957632285865,12.127533082929554
6.418615214700527,11.852232542958376
6.501481918819188,13.752012391565914
6.879667059929499,13.190967889696978
6.577328524578242,14.422741015966132
6.969282308664936,10.836226223893703
6.898834267380701,11.558317117911919
7.814396884238298,13.306712138337454
6.432123834580175,12.692933826691567
7.473628287280228,12.01697614113142
7.868339812296045,12.940237355347143
7.379657364461318,11.918835050081094
7.427537233477215,13.468238982519802
7.043630414647945,10.926337207541781
8.06741151937616,13.921558162866372
6.643185698457495,10.974637602811882
7.924225031145473,12.454792838583732
7.027180903294841,14.808659954084902
7.267597667840583,12.793202727084699
6.9530843751575775,10.696002858971942
6.122137213122256,12.02368018674787
7.103110023931731,13.491305405170452
7.462041239259473,11.431508629752193
6.738211398453502,12.373480955755271
7.514157490328229,12.372722479993236
8.461080349746092,12.307481066749997
7.0131552784333415,11.958812439885321
6.768968559353616,13.658068752095039
6.9417859960302195,12.525773612118849
6.546070497367877,11.1860191122843
6.79467293221119,12.299010377113742
6.701363043173078,11.564006992500513
6.230074300588358,12.5653896041406
7.563718936890454,10.87768838693834
7.711091834036662,12.550639033223074
6.9399730202644205,11.3379062388063
7.15650939601269,10.483910205319
6.741356035729826,11.886157033021036
6.942672813151266,11.529086823273627
7.647526461563957,14.392936741504721
6.808708365422294,12.129578287841731
8.5184920612734,11.774893824323794
7.565779495755115,12.957657450998342
6.896402707885379,13.234884854172412
7.2686065114194935,13.215404433625878
5.906184634680387,12.6282194866802
7.285475832948081,13.661329079603426
8.296449392775555,11.714747985545642
7.499734460874466,12.318010815543925
6.633659350317838,12.843774302222482
7.310367187106513,13.14348047212126
7.0253842966464655,12.530976266769645
6.892366495267483,11.911627782892996
7.546314554664424,12.473218282498609
6.382599195375708,11.861201166448145
7.187890488188185,11.841520463584429
6.7015310766846845,13.236537813040675
7.597601206274151,13.244624384166988
7.518435514351678,13.770301043492763
7.0014074343882235,11.548376216238328
6.690863074856168,12.149520823316212
7.656754727869482,13.346576217027083
7.466290606327868,13.288434867743655
6.688157927941515,12.220250429150935
6.819959529166599,14.401374906310414
6.504322962928202,11.79396385492722
7.945307671634387,11.957218584668906
7.979613465442457,13.170462968761441
6.906761549869019,12.350949896712796
7.473741281716525,11.966051170358707
6.75116427381028,13.504180640478342
7.533662727957485,11.303031154061596
7.8217275799618955,14.076645589871704
5.904832884440066,12.622084279532032
7.419149722201514,11.046809221553072
8.390278491383471,11.490459291497272
6.570916926327567,11.655053080278979
6.895665035464588,13.569615320594439
6.810901632102814,12.260730049354379
8.056846075817278,13.951025793872658
6.54561188065092,11.864748018916188
6.599504569508653,11.436865082339004
7.421226189527189,13.048711687398397
6.697979628132443,11.100638189695713
7.341272957032356,12.750870263330027
6.622780239231912,10.919199623149577
6.866773251555621,13.16997280676402
6.702024239810594,14.312163172748452
6.8750896530684,12.68766733994084
6.194801861001801,12.2061060909014
7.678575764328054,12.083591394734897
7.520492165244637,13.198793838302592
6.230464607085403,11.578757969312885
7.239649543212136,12.83499984281369
7.429823702152436,13.291499756807147
7.350566895970009,12.761046264112013
6.711331392653516,12.303409547338093
7.23618917788781,12.38847071051232
6.751851438116229,10.73399610584722
6.06924261574282,10.940596791271645
7.219022391222843,11.864359605917965
6.859336673712573,12.132932291093256
7.212118263597357,11.087108659903683
6.913066991340256,12.832214294327672
7.2392856449400025,14.256548476002505
6.965945254481378,13.334343754190744
7.245282311021129,10.937306159393376
6.949328692607326,12.603243614970257
7.451541768036426,14.162378916825979
6.931091751356264,11.978433905865527
6.935704870179832,11.24218772102814
7.774649949123671,12.264742189477442
6.090999657358832,13.614442918203398
7.969093209721866,10.875638650226106
7.201258922662556,12.201174660748594
7.121071998832947,12.76759211005097
6.386690632451611,12.356387245061143
6.93124498738421,12.953857578908902
7.772410606181327,12.504903234145976
7.21185128869958,11.740778008581676
7.0189900908705525,13.58527565212256
7.106487229039326,11.180092945510909
6.382083745968241,11.490850302484047
7.257343479702196,11.370190765317256
7.144612273577888,12.24811734220289
7.346357552212372,13.099354348030504
7.823659627156189,14.134081171258384
7.107693651011486,11.288287637850642
8.216362879758272,11.819746534154143
8.513135238365384,13.205811063651396
6.91310416260773,14.461815931730124
7.318014949204453,10.572387119273898
8.273184814171334,12.84383241056575
6.838439946675898,12.27572966782509
6.929541370999452,12.150984672174221
7.495163266024724,13.183103871740562
7.014380642566793,11.946657724652757
7.795265064608362,13.882544128493796
8.052248538565237,12.28964025920365
7.185283221630115,13.853083654466746
7.40446305858345,12.47679302851028
7.328549800801315,12.626903855172053
7.116556661641421,11.107283719211445
7.255735762439183,11.726332161188742
6.896541350851067,12.110618276939679
5.944184175501339,10.99589796334841
7.369628186674992,13.283671740722568
6.997737984900158,12.929863801138422
7.851933422642952,11.476125465780076
7.279666844728367,11.202456627647226
7.106480418699164,12.039769918552906
7.152158598066075,10.757387836015917
7.378604526145017,13.594415519729509
6.55827088854305,11.62188817771113
5.967272859439387,12.05909205586815
6.95119604426199,12.235479850158283
6.978411572927585,12.235130354601822
8.282310730355553,11.085415397119398
7.80960365733772,13.199723621443992
6.87166627929389,15.150201065617013
6.295521851613457,10.41162737386747
6.66302461882154,13.15622783188736
7.857016521718305,12.090505131068493
7.024934065214079,11.283977610296333
7.315257553676265,11.585179094351574
7.335758964190202,14.56502693147458
6.4665518385551835,13.153710475513853
7.15266049989708,10.974182514067708
6.617859125391744,10.337048515421582
8.304101102516185,12.251525897482018
8.383261972762487,13.318213877058428
6.642454096328825,12.025886709838218
7.12932849025894,11.436841542637577
6.892385213252038,14.297451943551769
7.5174314897861265,12.717241132437003
6.286548984951748,13.736928092843915
6.204084506437089,11.867884579385116
7.791424455079692,13.311074737163313
6.745091074173521,12.639522079564864
6.8088241573399015,12.973184350156705
6.603712953121559,11.431120933381452
7.571774608171136,11.957034553752917
6.113661118692982,12.434418392385103
7.6261459341764875,10.932622056662689
6.709003763064462,10.653743149882084
7.586968244606793,14.038307736662578
8.069543014864696,14.188929760266277
7.673279790914169,11.904873376043883
8.00091521870391,11.50087619220347
5.963738434230337,12.197948922803182
8.442647695547384,11.758188251960416
7.22617824533037,12.439699860965643
7.0711213471639605,13.383810167882755
7.12677614915929,11.810993193745297
6.9885055554819875,11.951442111394142
7.796504593759068,12.386678823675812
6.893268571244878,12.688074413328193
7.02828989509147,11.344455532426297
6.88248251279834,11.531245874345084
7.0996677031965545,13.14509801738993
6.664323672497076,12.79434135298484
7.533813818604036,12.330226891589703
7.868073157928259,13.163448686740793
6.815700366417736,11.534600223368201
7.838409262861032,13.227078016054293
6.923290748159683,13.323228389046294
7.0035102415442445,12.253673471807204
6.5502193408289555,12.60337212348727
6.875251883353371,11.8673904657448
7.390790382224021,11.656556406720606
6.281866673248256,11.103153164492214
6.901309629618117,12.795692318166706
7.659600586499408,11.114449300993016
8.311891051906,13.595095138232029
7.410310098040671,11.86450362403953
7.588084438880814,13.778885652604037
6.668148600236589,12.134611514597339
7.366185295671564,11.37245328925875
7.220521306268018,11.1756434773163
6.8423570600732,11.063127652958302
6.424357736780771,12.688112087946829
7.401355203404085,15.402310768319737
7.341866730094538,10.773411082098812
7.396163642733559,11.053934588597958
6.498146799850485,11.778082088184933
6.058740661324023,12.858663272653029
7.278124746456091,12.99093749159129
7.685731705212843,12.737243754192162
7.045172240938983,11.01399338734587
6.795332189540515,11.446577124138264
6.12258478933384,13.014127923347257
8.002475723953989,13.221566911376167
7.729709587741276,13.056560216619102
7.736987656291348,12.05997347396217
6.478489273555173,11.78542508818195
6.309077665828765,12.484209560738618
7.531557141149056,13.616248567828336
7.094743332739582,13.204813832023062
7.2363648582118545,13.23941820634909
7.819845814135487,12.053397082912332
7.444666735403375,12.921140235058926
5.90102333572502,11.336716730014865
7.569376092947505,12.825037989125647
7.836902285528236,14.35858509877766
6.986085619572203,10.747311685792866
6.56740071844617,13.019079489868306
6.554846209949407,11.987306634853486
8.01703761769691,11.757319287540232
8.356769169271486,12.313791137307748
6.9170652608845185,14.710920853723973
7.124025147143069,11.38914779868367
7.289071191565782,12.350566699567006
8.219995688128005,11.654630129195885
6.6029474209392385,13.611101750492752
6.458521863359784,11.87854547983144
7.553615964277095,11.121640441562393
8.130770138118342,11.098209603910517
6.95550863130187,11.8122655726227
6.948245622239924,11.121388330243581
6.790214386164577,12.683292313731936
7.177875053652338,11.431331619822846
7.011278460775711,13.56171327111454
6.667621230354344,11.841397711808753
7.522708999736163,13.637198047051232
8.232891001064724,12.798396188005055
6.793300908260039,12.091174260491764
7.77230773684411,12.974690701965844
6.526030935455981,12.113324009887306
6.680493952294947,12.198155987891344
7.481397087462606,10.672336217051141
7.989557381975251,14.025065755098488
7.13083726212708,12.731627416219172
8.11712936766502,13.21542763945989
6.845720340980292,11.141487099619628
7.303509498736721,11.83558108012748
7.212676555750954,12.407190059016433
6.080688064492888,13.10621710021128
6.119487502456478,10.914368277748684
8.34638373363398,12.918761719886362
7.22545191806824,11.251569056330462
8.55852102113137,12.489022835963807
6.645826531691093,13.7749438290409
7.612092727681754,12.848737725821021
7.111113385770263,12.748930049815929
7.178685693802917,13.269708368513752
6.456207180746837,12.239416281392005
5.914308125148746,11.962569960481048
7.29704714939443,14.101997306665497
6.332581721184108,10.994697282995004
7.895700360086956,13.728660635963937
6.379005578767529,13.065812100329836
6.702928672302807,12.414167567600815
7.078064162825039,12.70010830463621
6.501700651883459,12.90024196866845
6.523981433440071,11.756620979639141
7.351651433697369,11.910502324586377
7.2943854865872515,13.44099446024107
7.011820820506567,11.853671024772893
6.699558425420826,11.09169100857229
7.0756413818392705,12.93320282015488
6.256325811060575,11.543954643261426
7.325886379927393,12.71323034221582
7.617658251924934,13.06386698118231
6.527839564390746,12.32819466872079
7.606762191726465,12.958020025727182
6.686127843004773,13.110387597121349
8.182888320089722,11.09098509265282
7.707670470609236,11.294701601069889
6.7541241899977695,11.405043675622691
7.527096761525162,12.55929847903743
6.773454323836659,14.341806463725815
6.829156523318818,13.156033203498747
7.770681626772684,14.191179750757698
6.715015104458764,12.334532765222011
8.031129457492998,11.506479179783266
7.090587103369662,11.576727373053162
7.4276840885486415,12.467283276475605
7.510469642878562,13.859148728903012
6.699340335636779,12.27423273812719
5.77338246539707,10.83938930189098
7.898916740360881,13.537161245548848
7.0926134725896635,10.877251675112339
6.855302240569299,12.587900905993205
6.813813495946746,11.585541847028129
6.391459429927902,12.23098970026844
7.127854247637809,10.933436303366674
7.385352015312594,11.958699624362279
6.816964545742811,11.946063828318215
6.724364641372244,11.860585830060973
8.074605641739195,12.957481516702007
7.423521107809636,13.561313747161044
7.381996252153986,14.371217843044715
7.132985696269228,13.872961161858921
6.470344571331495,14.29050293344731
6.141707944577563,13.21134445791564
7.984769606938364,12.056067816864827
6.882010538120547,12.747284105033469
6.234775804254915,13.168992162602844
7.190801297053124,10.976598668147615
6.950581222963086,13.483104812546665
7.804760244882615,12.384334688447565
6.755018237076741,11.175323091849556
6.848253921279486,11.677141365175558
7.051098830113969,12.816284686260715
7.455790748973305,10.524523960437493
6.406664794715291,13.277510695565836
6.857683670520293,12.168109285802736
7.100271713342963,13.156945618962682
6.027082694335501,11.005478041042693
7.623786908476593,11.901228390657254
6.938671634594486,12.009882367761263
7.1438385119666075,11.424100258175844
7.58944235411392,12.5939342023087
7.3524993575629525,12.521683328287082
7.6856851557168175,11.153054946327222
6.908520427334226,11.133594889757084
6.789696994141837,11.344083729618603
7.1618046281644565,12.163052852773955
7.089758780033787,13.115488130520209
7.242621338832555,12.490805902901819
6.769016964136941,12.037531322804497
7.582692025528632,12.06500498978531
6.890779746117877,13.522787802882595
7.161445838732088,11.741857351093056
7.510021620209965,12.323995462180465
6.627333659567919,12.755671926012244
6.770361902262055,13.559457941774598
7.0746003093724275,12.604521246947428
6.890324633747118,12.717520062744125
8.082945366299066,12.13346508724629
6.540756066772943,12.367887288020349
7.299036197927328,11.83827980808584
6.69295639744477,13.04946538261275
6.225336887819167,12.649414986196113
6.654874660811154,11.364413435819635
6.482748700356982,11.217496870540511
7.544115800151074,13.711341530292726
7.017283688086699,11.100355480150947
7.2512685194602735,11.113499674305
7.275390958435764,13.940805031499547
7.205946824819109,12.040218699541677
7.054631502517944,11.677524069729989
6.456644328829533,11.10642702894512
7.133071807273521,13.718468023709239
7.710997105969079,11.53128217918878
7.331774147328453,11.263537008254374
6.695226384892619,11.560695131514548
8.266890603857899,12.396266776324596
7.387405011536545,11.687329711259506
8.25994064889228,12.345488362102413
7.246778945120718,12.663048595296132
7.152688106288779,14.281799136069633
6.854087185640409,10.459272353927556
6.891204579284444,12.032243875765532
6.616109073580289,13.213547461377697
7.176025706973408,13.074289669035213
8.004136530915842,14.845982291267413
6.878853156499142,14.889903405736495
7.426108894336845,13.289518801598955
6.984072507706389,12.038194291187159
6.9352596007367815,11.962757405057419
6.87429862529138,13.727407371912504
6.613161939903235,13.585058973755931
7.292139419061626,10.908715527918952
6.3349750266568,10.584299396393543
6.533339170699856,11.77938301392965
6.669715240973716,12.794518699952825
6.0622315036160375,11.31359682986475
7.2601219435233215,11.297755627278335
7.570478394418002,13.99474254445988
6.128232642028167,12.201252218283074
6.388066834155688,12.695178833254234
6.275637040060246,12.342546593173156
6.401933053725793,12.628935684351474
7.569267921182181,14.816806820243716
7.017268129100055,12.424271790646952
7.752705109712026,10.932227229300759
7.37232780993431,12.357456600012691
6.905555760368201,11.500952521090168
6.552234976278268,12.54732456394197
6.757532541543081,14.50712613045852
7.68197781816031,11.332165969894827
6.802891705454681,12.08971343009504
6.89723443642873,13.272838230104455
6.392294812204575,10.536425648524949
7.59086947984406,13.697666453841446
7.099751990356786,13.048551658347625
7.724481818556001,11.826072098458813
7.9435038951259616,11.477950046205168
7.059657262715634,13.740636976610258
5.736688017068253,12.206057200484214
7.297899182330141,12.84179340588745
6.785087378728114,11.819163061649006
9.182289007254475,13.097797184548574
6.930332637328022,12.598901385843996
6.754275862622091,12.125725321715006
7.538138313528798,13.561027725861535
7.776004745303685,13.780296458386559
8.269265724044606,12.794310821144048
6.779159805886462,12.029646529339017
6.150093830639015,13.115373664469386
8.10022702219327,11.675087105622882
6.709643089896852,11.589517239398774
7.751049069197921,10.632190491406703
8.093326342561062,11.636414262702147
7.5292669187467,11.946392179186462
7.344562384563888,12.108510971768892
8.07421506543135,11.728576516332335
7.32791049864453,13.35194340164747
6.376383586901294,11.761104903765721
6.760754330419498,13.526641388567176
6.844188856055678,12.282463649656538
7.220606302424995,13.533384434774682
7.118892353085104,12.443798215779731
6.937412046584028,13.497668940116679
7.4408514510192285,11.12677770237087
7.638628279869078,12.128696026181352
7.2349283304612,12.1820523546495
7.520170640776573,12.33792626690629
7.432443370993418,14.009573403397445
6.633307976161374,12.516368312536928
6.977927700009817,13.867605159756629
6.6995176780908094,11.742054902935342
7.749112436404752,13.135037719652294
7.14336750568052,12.238829052104801
6.423141551681798,11.998585835182904
6.404366481963585,11.475505875238298
6.559312723933174,11.772413526592123
6.5760268995675375,13.459940805141404
6.561285914070323,10.413929563510333
6.769134154990503,11.715975824261603
7.320918831366445,11.743678922255604
7.593630110487009,12.28511207411885
7.049486312081717,11.492439704452892
8.477942666383244,11.792536230444332
6.545081469572303,14.490023617750767
7.645413820001081,11.403132301303971
7.26780057296512,11.518912683320986
7.840681499534098,12.104121586719824
7.110770671683601,11.7865043238776
6.886169674848128,13.90375368257198
5.989251060242175,13.75638158464179
7.019463046370157,11.548842083984239
7.261695421698639,11.40111313216861
7.374405034217085,10.88653561928516
6.7736558153809465,13.02812748840525
6.710492851499566,12.035332315471862
6.565163845236873,12.335745794039875
6.450497184663121,10.418548278376008
6.062369826996225,13.447292247898398
6.407461779837704,11.558129560968148
7.031233318227425,11.258914466091996
6.380332480207607,11.35036259999636
6.990253531165729,13.210646503304396
6.549926102020237,12.749822972328385
6.784668402077738,10.608762994042596
6.492392115587833,12.060512585481442
8.528614156190267,11.556515645074972
6.096683643171525,13.741974407085337
6.720219227414636,11.60085016094549
6.138501755622625,11.771763757859146
6.9006025196915886,11.579335203088636
6.866781764929416,13.451174842500008
6.859145747743772,12.718120325491352
6.963218627884939,12.976347785655308
7.197821592012922,13.609836268554679
6.944847598602262,12.565100314855687
7.60921279580266,11.787152294795154
7.111026202000114,13.309451335986568
6.813684417552272,11.23782336563171
7.8634600441826885,12.380180373116046
6.94329762919149,13.490785633641421
6.57631242187085,12.23315184527986
7.7681785118036,11.609520555072091
7.67959423246268,11.204421869268364
6.3566800933944165,13.311301736981322
8.043593633884297,11.868221599641107
6.531825845205473,12.587060104370178
6.764090089859717,11.191896679468536
6.67629119595668,12.849708797082252
7.055881959060307,12.260236151240873
6.563181489594901,11.901769509474821
7.003009680366602,11.075593249294492
6.816165325618764,12.045522275165002
7.179472459791366,12.058647966869461
7.037648071305737,12.175804297777452
7.9359010339158145,12.965833410996865
6.692027506748821,11.179449171582087
6.762803434240557,12.580125916436275
6.784242396014003,13.191280313459242
6.68089796384656,11.534189945153681
6.536295727185865,11.927545920944201
7.202363752666096,12.412953256458627
6.710929169323072,13.693993331650141
6.744090614270468,13.743810649748651
7.096214936046839,12.57959906419305
7.637384943593123,12.56331120956839
7.173422883469769,12.199657736903887
7.137357540796767,11.729085925309205
6.727960832720913,10.823345609965552
8.192504352256083,10.955772190823076
7.339432416622467,12.503569420800817
6.222346519427522,11.662695601856674
6.840161699637601,13.28523343913443
7.96226564658097,12.480430041302196
6.828337457789429,13.445672446635813
6.661137300309704,11.670167157993996
8.967270393221643,13.435677920147983
7.422761315322522,11.877204805990264
6.218932572393273,11.766328514087535
7.236874842550574,15.643525168777904
6.444685653970005,11.425120163656905
6.908333237213624,13.496845822393437
7.549717049675343,13.093322319624374
6.886625134330409,11.762824664818734
7.393923631950554,13.312960891002367
7.127032907152828,11.287873727259692
6.50636629305498,10.88613249085013
7.14005164642986,11.461698777998185
7.928040875963941,12.514499755131855
7.0082681213994835,12.486346968074953
7.127641480714865,11.251815443539952
6.434594527875283,14.158381017870415
7.635583934222913,13.867379016127643
6.80311512445984,12.050322256205234
7.40913756825518,12.034861462394147
7.717650129375237,13.001677338440933
7.679705922055944,11.255167727338913
6.57113012851854,11.906749309387267
7.349102985801486,12.528206100946942
7.054558552211279,12.399256069195253
7.191756462554111,10.829464848822788
6.456314509087826,10.845532216049765
7.256553555424438,12.008184899767397
7.345645736233471,12.738987255303854
6.923954700537379,12.939824169519813
6.918306473495345,13.497170649234834
7.864815948276809,10.134175231104003
6.931269895303837,12.059290428379095
7.372821212687375,12.633070386889672
6.535482159579893,12.91009902216034
7.118001550122715,11.920987667437508
7.494452951977819,11.826017933343474
6.444148913149134,13.403152201684009
7.531998220491309,11.802164959620985
7.529467181415165,12.147301534145436
6.499259959039818,11.471103888935364
8.15705265957047,11.07029781361871
7.919786644212583,14.620537447541395
7.820314480558686,13.210470513346895
6.411031780637887,11.64179506784751
6.6447101919221305,12.514843527789584
6.645636126681828,11.855613710690152
6.72994324668468,12.984773661627722
6.680525004802755,11.644514050412269
7.07210382792484,13.579434644175212
6.665074555921793,14.68791048340915
7.224832620150973,13.51313287952421
6.812286166924432,11.14305628649593
7.314434357247932,12.352446028353969
7.276241658518136,12.187530810492394
7.532812943086748,12.456290900925202
6.284418278063647,14.470912248491722
7.25160396086852,13.53655624999722
6.941826094154485,13.608284870427552
7.199270741941561,12.941971822843076
6.404051446429497,11.112327823071608
7.443952631698811,13.269433898706312
6.616265404354426,13.896652214745632
7.831286891253132,12.607100713151242
6.1122871710408715,12.349069655811
7.613052568158692,14.54221797723949
7.29784421287424,11.436602034753275
6.655156792589112,13.41149668888605
6.933658904383562,11.720763898067212
6.6316113610112915,13.120895120339044
7.125663827405097,12.87321646292169
7.7284275505075355,13.113645287203633
6.439774621837196,11.532690595311486
7.174228855284447,10.744753603364499
6.996138928508091,11.429299901363267
6.719138241349646,11.510810435480753
6.488028857724326,11.005340701793763
6.298203623240563,10.494177805811079
6.542775319744583,12.621186134670534
6.358520139061742,14.638552060754165
7.434193982710048,11.803788560889638
6.917705732885463,12.958482658839253
6.795133102450236,12.39424305465368
7.975292685690893,10.750338833507572
7.238489722679113,12.829277121808962
7.677459439306693,14.599754252171229
7.5440555334613135,10.39524725383825
7.232937926449196,12.082675449587411
7.49501237441682,12.760843794341959
6.643864407395649,12.2551297141284
6.887462042759353,14.58546624866833
6.229881116628428,12.7420637829845
8.973525015309507,13.040288649934263
7.925322438787232,12.327404914486685
7.062131532965109,11.939801915897249
7.8422122244525445,14.165177307309257
7.213060276003281,11.746230109735475
6.914921730925127,12.552155176126334
7.453499220406474,12.564933680753528
8.332786587111329,11.800320840433866
6.2406392790098115,11.43669588377958
6.595522918916928,13.882085940328235
7.021723967116023,10.919889088018168
7.096639192689735,10.912166466305015
6.926081020584901,12.401655854398905
6.772463647485119,14.784358917303484
7.4782933786803465,11.95818275173565
6.442628603661703,11.595040467349
6.379868593419015,10.62606178704044
7.838559443477969,13.881784058892345
6.240628154661577,11.41739844514517
6.907682069629262,12.323247656389965
7.368500462369077,12.025935134402712
8.12160518789154,12.831978807922367
7.078938652517358,12.40720569970779
7.297113606906653,12.112730362299208
7.26906347670315,11.43199943825953
6.71949928706341,13.073579448518581
6.8632562910384465,12.33285244855197
7.224016755896867,11.647708078983953
7.01547682057123,11.835339109506048
6.236369263085745,12.84511218502392
7.4957312488257895,13.645011676608418
7.379617277941824,11.156359054245934
7.7893893809499435,12.370488602998313
6.767103677720823,10.338987755978653
7.270297690959259,11.887346062495697
6.713029949276987,11.281383977815997
7.091688723252908,10.742506684650605
6.774279479139798,13.405191512320709
6.962450314497812,10.906968998461718
7.87415675564077,10.410978363716055
7.03567958067936,12.96129086888269
7.326324098446532,11.256860369879673
7.360231571962771,13.453008855289047
8.294325185051846,12.594815682750308
7.452308782452003,11.865695601145532
7.1424161821944585,11.154868681736561
7.419353709224158,12.86293776856286
6.2645220822413705,12.80588846563214
6.311335437003895,11.869145315417068
7.9825522105181115,13.710425049563527
6.934611167180908,12.684298623341165
6.718131508007017,14.82697954002533
6.819659948439677,11.01383949280748
6.455204185349055,11.065775272196921
6.759469328068123,11.762351986183209
7.100948117663714,11.593032198139172
7.058828063318209,12.370413668815315
6.058598531000879,12.105200327508408
6.966230792497357,12.398615644689931
6.5274475631695505,13.441694866095283
7.073136677864982,11.903381440339544
6.613977520847662,11.552032950086021
7.754797203288225,12.543505913614043
7.005929565919596,13.352274765190845
7.450206455115776,12.433943571191964
7.10686252739506,12.432187780059166
6.618771841813364,11.15477597298005
6.506232254072571,12.662825628345498
6.859853019878702,12.589282098665004
7.274501803039603,12.7354996729836
7.014845575331725,13.07154175597116
6.502824881799481,12.750694562544208
7.196138073949082,13.264992167221205
7.17694763434349,13.763025019998212
6.663073263101038,13.175356628114422
7.2090243332046455,13.10607501284878
7.155566304663172,11.026596285639734
7.688205827995168,13.907591009996835
8.421509180586169,13.696036009409614
7.106135514920301,12.899714519689786
7.382749663880976,14.441096522950554
7.751192009793107,11.178476588258917
6.591242846208891,12.628369680062738
8.268932104515915,12.870665943709257
6.782983928716414,12.615375081014035
7.005201532428932,12.958804058629205
6.000143652270331,13.112288471622174
7.7849859258529825,13.33773810886099
7.508660240731,14.296038162533316
7.620395143815946,12.665565817045133
6.711662304024848,13.047251831167067
7.250686282260285,11.849002870523371
7.034277881097658,11.85319030379577
7.229773880797645,13.74617316335031
6.812203206109261,11.418978035729205
6.604693265126692,12.761247797793
7.741862298387008,13.572336327306688
7.877274496376473,14.792365158484555
6.551924159637334,11.848808002624365
6.539791328766792,11.203935668434047
6.420838551430502,12.593940561920867
6.723883227600335,12.160142387464887
6.904257241983837,14.962659527970022
7.643294667250804,12.108815639831581
7.2815069404329575,12.729440497829387
6.668489282327561,11.971180266089014
7.726828532376892,13.53679499775627
8.38500395058818,10.496173765159542
6.933755319148308,13.128927009734836
7.234705391732455,12.870203094180358
6.504541668348351,14.42417506610574
6.564529668337652,11.977955728792415
7.205637205028686,11.917202470491866
7.885667940641637,12.798329025453855
7.412870018467664,12.563554506113567
6.02439522318906,13.600837127658794
6.193661132390578,14.151471957360096
7.025384807532359,12.43861674571084
6.956187061162349,12.864917984857568
7.360574956052417,14.335324769336111
7.42007097063866,12.396817729443837
7.356206471776866,11.352579168341753
7.567944434658551,10.790252929922163
7.520997639424521,12.221737724698977
7.731254023719733,12.12073237814633
7.293429856750077,11.965013868192173
7.0918630068171815,11.778260702952243
7.0620029123248536,12.34362897803725
5.978379751180428,11.362121020374405
7.682387330228238,12.659354043042788
6.4642854961802305,11.366679325491132
7.4845770928886175,11.070419928012052
6.575325961098136,11.850263943248114
7.572116614076989,12.838704267738636
7.319486901501015,13.402141399456433
6.381230488300221,12.476112924565484
7.036452625366656,13.879370385561888
6.592330267574517,11.544781124854733
6.7011030282448685,11.758417379479209
7.614519826044922,12.303816671085793
7.52385040992893,11.446176047879382
5.694532905584829,11.613235110203064
7.991712193008003,12.873219513860013
7.219800229204227,12.131336953568853
6.350667558175967,11.616467861126715
7.248672847619387,11.577307369213136
6.388363868147702,14.38760041075383
7.055834265035436,12.337047756466829
6.8341171914684855,13.881662191664882
6.865857563664689,11.87203124310974
8.027322033493778,12.959234999787023
6.371442855255832,13.115178642336254
6.978307514069022,11.733067129915293
7.037492815910921,11.369822468163166
6.8612506436248015,12.459358968245537
5.679733821052583,11.730902859640237
6.944565009552413,12.871089773731333
6.9925021455988,14.121429472941173
6.119431481365496,13.414275420553212
7.78788161062184,12.325641204572706
7.621423685879555,11.555867881058926
7.860755035692214,11.577083600476398
7.747897838080425,11.728377778252417
8.09728489431536,12.25080533301026
7.5607796493510575,13.367539352859522
7.611069031269885,11.125034257978145
6.78033024945067,11.65926680096789
8.679192266834836,12.55907017167557
7.888347146072941,11.605348137843743
8.08784191715889,12.734510857473204
7.444384787397526,13.121348092022433
6.437849224643503,11.452253839365968
7.790181511655539,11.471843118302044
7.121035300196178,10.843529824827515
6.1297260430261575,13.112950070966233
6.310872700862002,14.013950650516197
6.684373610375689,11.464162571186336
7.427897386298086,12.56966632900681
6.4440679485968015,11.101990127350419
6.999931521719007,12.036717726066819
6.899865272623613,12.920351709495122
7.190538730153555,13.148766218743015
6.745205321119871,12.215674191181874
7.746719953754391,11.706672874027173
7.404939887353598,14.226040914920585
7.494678905846887,12.7018886603729
7.355903526706142,11.576719600447683
7.842915278966002,13.866366121268706
6.455791325213919,12.130374136945662
6.586690734653419,10.739619382692188
6.68208368591836,11.944233072123367
7.184316360678451,12.329198085184096
6.9018166609982385,10.916509413192895
6.7968935053444985,10.997818018749953
7.749814419758003,11.983471917614233
5.56671404265003,11.006367720051852
7.565957937772115,12.315899290590975
7.256911643398032,14.519943116625091
7.479160796323676,12.561987101303643
7.145422652625305,13.6552745826519
8.268015850476475,12.211308909995727
7.435941105126807,12.958299705286063
7.117452376306574,12.766250150594825
8.36506184730299,11.540685104205966
6.401356548738153,13.742227028322626
7.236835317190877,14.241506168144031
6.480951710464789,14.098536112648967
5.674044312961673,11.255918908537053
6.295101127797666,13.381891304109251
6.469213179478047,12.550429684527668
6.952869107303469,11.490735107538214
8.292805490462987,12.383100464416138
7.286830880699645,11.210069072405677
6.806162816738058,12.018916225550162
7.482218473014622,12.447072065639496
7.512045697657504,12.953100376903437
6.589707014103767,11.979707767843468
6.65281725399975,10.869867631494635
6.951653686126074,14.714777576616061
6.488441816954496,14.445695763023497
8.096688180026552,11.646877915543259
6.8345018009405845,11.795097504036836
7.267269597313042,15.148441842253119
6.652385995158544,12.847299029672037
7.156325656881792,13.86724445440923
6.310061792332218,11.975581601614131
6.894631152040916,12.466492929225543
6.882272476178836,12.004752895615354
8.087083215038861,12.129856064327777
6.7636939765317505,12.391480124493247
6.655111936192267,13.69681432110988
6.30841885715205,13.65023673211959
7.51968489296573,12.468368550151483
7.279313379212317,10.986614037236757
6.120419296565653,12.354170719148438
7.084846525436978,12.735471843720145
6.501577638096204,12.616769566742786
8.018687745230311,12.04891088930277
6.97679770254511,12.159925560399614
6.7961651018160945,10.23063238400899
7.376959852915151,12.427250956692971
7.305448864290638,12.721146177474992
6.375906539329459,12.005296677969623
7.01532567298652,11.461699222070909
7.24197716782115,14.510800750821709
6.916491287303898,11.49789384611859
7.7873461657521785,12.576028088540804
7.506774831303787,11.76038958477322
7.842885742448182,11.599013638692389
7.168699154390015,11.874151862834186
8.818297841432612,11.442025345209537
7.293037437689183,12.851716775940938
7.256177566902272,13.90808386005719
7.439424810374867,10.767987276446071
7.360014853820652,11.99447237750352
6.659614504802494,12.522857681877584
7.227673954563658,12.316623744896543
7.2128480714805105,11.960043901149172
7.206519434025554,13.230475480487698
8.306550950245613,11.072244254546685
6.858055706530637,10.302501837259133
7.214432493050748,12.644612870140671
7.830341703329564,12.627828005386991
7.717993133875883,10.549855733813894
7.842786583482064,11.879893970578381
6.518715054877321,11.319299200416893
7.327017786678761,11.192592774240342
7.323063642954034,11.418014642710888
7.569234200822819,12.803289368823293
6.538715973393379,14.297579836578564
6.917965455349028,13.412948669886918
7.052983245009961,13.081039832899675
6.261260143514093,11.844580329511887
7.65185792899071,12.534844421298091
7.2442490742463805,13.34218398039769
7.383743953018034,13.536897316153278
7.248700243063541,10.346174220755273
7.69776560366279,11.621425770270125
8.494246544974578,11.890014624537558
7.979850914549735,11.591463725434378
8.277675920323562,14.009930951081076
6.512021825114552,13.192672993459205
6.406476488665256,11.392593408772049
6.580651709971577,11.634856364933473
7.837416249605785,11.705738092645431
7.234924281993346,10.441605814963326
7.1497939014846486,13.344046004885273
7.436504301401035,13.368897089349689
6.454337531952846,10.501494403019105
6.221626060368564,11.556547132502166
7.365486608670878,12.731117925510638
7.633188652692169,11.44040621495881
7.0521586039990405,11.712977887366522
8.413951866685911,11.63845591919192
7.711524800065441,11.73384358255437
7.8420842432368385,11.777514363098879
6.095914290757439,12.093074362921731
7.025443494691275,11.197847455536035
6.983035656170524,13.747268889166058
6.899928635958471,13.846558630039867
6.898493775034935,11.173898245744518
7.719697061258643,12.34090590869918
7.982874486523982,13.748262302751481
6.211374865240293,12.582905971272607
6.369318115042446,12.511171860190178
6.699172078771002,11.812417548564033
7.709890313125275,12.374205149304819
6.645892107313338,10.674086400811696
7.059825979168165,14.112154385085638
7.664534416707544,11.651201370390929
6.442323714885303,12.851267513705958
6.936824150650533,12.768735921651677
7.024953741212827,14.15845219925209
6.580969112371103,10.701276061068775
6.4646990178244055,13.728081328184288
7.051667245301317,13.450972490867368
6.7931082732486585,11.241060434801824
6.16366187441586,12.039333053905635
6.828015428105925,11.28329298233312
7.6802595081345295,11.928379725933551
7.073526352147517,12.966207548727063
6.94800430563843,14.930080999348732
7.702277134527615,13.390851544580451
7.899494431389087,13.34452657957506
7.289217528732832,11.787815080323464
7.3940581764600175,12.905044443972153
7.774351959720705,11.99790151194952
7.005974719373325,10.394278198798798
7.07369136444157,12.737249977899163
7.59326411544045,13.30737403869802
6.636402548687375,13.782398869206142
7.6547449377332155,13.617383274514696